max:2015
min:1925
1.085174658466137e-09
1.1118683862498812e-09
1.354764606054104e-09
1.3343897970712654e-09
1.4369843965538515e-09
1.8168110587397329e-09
1.6845802609997763e-09
1.754462670382801e-09
2.3066237967280958e-09
2.0676334374794945e-09
2.612361144865056e-09
2.5711566288753674e-09
2.0280699738631623e-09
2.0316949392703722e-09
1.9217615197599157e-09
1.3181081067895457e-09
1.2949537949883246e-09
1.4538737832684286e-09
1.6629798649248073e-09
1.9337434986610447e-09
2.3478502872035077e-09
2.7410784594498037e-09
2.9490668161459764e-09
3.2017238067132733e-09
2.615954754401985e-09
2.4652377916822843e-09
2.461989691480783e-09
2.123505593587538e-09
2.0558435906029413e-09
2.4153991188110726e-09
2.333527085848378e-09
2.6832300508467758e-09
2.9835407795124932e-09
3.112302923316942e-09
3.384786419400955e-09
3.354347466455465e-09
2.953274260063056e-09
3.094953658435072e-09
3.104571044687532e-09
3.916736300370514e-09
5.3575479608269916e-09
8.078776600076561e-09
1.038795855683767e-08
1.3775035905589611e-08
1.64429274640554e-08
1.8571744776961297e-08
2.0576440234216468e-08
2.1636970056907297e-08
2.0962986267493633e-08
2.1529248225452387e-08
2.082956715046943e-08
2.0159882398372375e-08
2.0175509517019108e-08
1.9020875033756316e-08
1.7677074153661058e-08
1.6482967498835218e-08
1.4281130500393147e-08
1.289767156567986e-08
1.1179031351409613e-08
9.202273292580848e-09
7.677542094139004e-09
7.115838014064886e-09
6.45387882818633e-09
6.169785317565259e-09
5.3047059443502215e-09
5.570753509281141e-09
5.334285457792021e-09
5.238717903921497e-09
5.104977012544103e-09
5.360233209675666e-09
5.419201151316397e-09
5.225473323885613e-09
4.996396693205238e-09
5.003379805706183e-09
4.8891040422509894e-09
4.540039582374382e-09
4.178351950149103e-09
4.308077450332348e-09
4.3096109538152765e-09
4.0228911947691264e-09
3.888732383724605e-09
3.775883669224608e-09
3.787688416880184e-09
3.739578710185551e-09
3.1938778288775893e-09
3.231073218503054e-09
3.4144550678913024e-09
3.411731246722687e-09
3.5458369203785387e-09
3.5254452690480775e-09
3.552710570176032e-09
