max:2000
min:1870
4.724765858554747e-06
4.769722545461264e-06
4.815739506132862e-06
4.897575438787628e-06
4.806548986380221e-06
5.0115273292509044e-06
5.0904760168383035e-06
4.984384824118544e-06
5.157081172261055e-06
5.115392663615889e-06
5.07636890948301e-06
5.107249177984029e-06
4.953321162507304e-06
4.927368406372677e-06
4.924714370905089e-06
5.26397518894685e-06
5.361313274728932e-06
5.439218771893398e-06
5.562873671546445e-06
5.675648545937813e-06
5.83502053684372e-06
5.8103864180988495e-06
5.3776089511562275e-06
5.281631144628461e-06
5.27121483173687e-06
5.467333396934139e-06
5.489186215917081e-06
5.464850866181743e-06
5.493475587822364e-06
5.422404683486093e-06
5.447774843300327e-06
5.486397965017074e-06
5.200341937389956e-06
5.070688075647922e-06
4.798353269766917e-06
4.60627831801373e-06
4.479667560579921e-06
4.404219842919181e-06
4.16164266425767e-06
4.0626886337642124e-06
4.053760643988166e-06
4.059561531123888e-06
3.9761100327138725e-06
3.894695022868941e-06
3.771139388066201e-06
3.70457632925536e-06
3.5673954568794997e-06
3.3546161830599885e-06
3.2147217357955275e-06
3.2211653108658666e-06
3.145438573223406e-06
3.135271949109405e-06
3.106514831025769e-06
3.3068413683525122e-06
3.3550528054807468e-06
3.434069510279057e-06
3.408873843519749e-06
3.496488066697826e-06
3.4671047939939726e-06
3.3841926584240615e-06
3.164559237640268e-06
3.1188596624685616e-06
3.0073736070335144e-06
2.9271768328596537e-06
2.9163061948825738e-06
2.8179206310596783e-06
2.7843906796728594e-06
2.8406105099877877e-06
2.889774317996593e-06
2.931088764463701e-06
2.9209290914877784e-06
2.753787352308531e-06
2.717274972902877e-06
2.6862613659821884e-06
2.611836375113593e-06
2.4823332946003314e-06
2.3424102632166717e-06
2.3331168839441877e-06
2.287807676891264e-06
2.245544075256995e-06
2.2256244197446255e-06
2.1766600509311374e-06
2.210874689418623e-06
2.225273289825834e-06
2.1451989401352227e-06
2.155706072569176e-06
2.167270655003709e-06
2.1251298026722258e-06
2.138190244035546e-06
2.1350980594953787e-06
2.113637947331881e-06
2.1392843011978713e-06
2.166585967903042e-06
2.17031694254339e-06
2.3169558127327557e-06
2.3728930175691076e-06
2.4397712487760666e-06
2.555845217752254e-06
2.618726252226874e-06
2.6440679903316777e-06
2.684833459300405e-06
2.5587621296706075e-06
2.5259436954781578e-06
2.478329081766008e-06
2.3682119457849434e-06
2.321023787642064e-06
2.2923628161411865e-06
2.3252460518311376e-06
2.3610633823929154e-06
2.3502975961621686e-06
2.329517526179968e-06
2.3274683371710125e-06
2.3170083035698293e-06
2.318216339907459e-06
2.3007841524044385e-06
2.3119343950384064e-06
2.366057287872536e-06
2.4545688899836804e-06
2.564796984318361e-06
2.675054864604525e-06
2.785751900903831e-06
2.873536849230212e-06
2.980400332879591e-06
3.0953020281491002e-06
3.212623369108769e-06
3.3318091092431653e-06
3.449951366617045e-06
3.5607217471676577e-06
3.629809801471614e-06
3.7063505260448437e-06
3.748293181615736e-06
