max:1990
min:1870
6.551510667307525e-09
7.343048480379366e-09
7.361409111913038e-09
7.71409437914729e-09
8.344553936723287e-09
9.253496254960477e-09
9.445871006010163e-09
9.256466513919901e-09
8.771142352108946e-09
9.277519387649948e-09
9.2873316021829e-09
9.48399638188237e-09
8.845564978900354e-09
8.622028234230226e-09
8.750655565238828e-09
9.214852500097744e-09
8.692098279234578e-09
8.106989999946888e-09
7.528189056265383e-09
7.329767459651748e-09
6.653970929804132e-09
6.563986973010369e-09
5.735475808573856e-09
5.517328593995785e-09
5.638255735312165e-09
5.823217241740508e-09
5.3781655319694116e-09
6.51372508312217e-09
6.558437443920135e-09
6.799242978163176e-09
6.818341161515409e-09
6.725229294092725e-09
6.5050055818107106e-09
6.826508755100999e-09
6.4627765995948854e-09
6.583698284958115e-09
6.653146034096835e-09
6.829339823813793e-09
6.631279335169081e-09
6.821126837966826e-09
6.802785572952124e-09
6.179347002342541e-09
5.758203247552274e-09
5.2967012680633326e-09
5.513590695116477e-09
5.699569102394061e-09
5.622958511507039e-09
5.5506747452329e-09
5.755721645326974e-09
6.4133904853491686e-09
6.400198085795442e-09
5.495135774984712e-09
5.036804243526863e-09
4.566152820930012e-09
4.2027476419649796e-09
3.828797310946795e-09
3.0752484051329733e-09
2.8381358057367426e-09
2.8657482577441685e-09
2.7574712830562883e-09
2.8029284131798296e-09
3.015543164381589e-09
4.1395370781976175e-09
3.891047373194567e-09
4.472236485903685e-09
5.307290670434181e-09
5.6572698589211055e-09
5.979888742909825e-09
3.51988648704195e-08
3.426201211631508e-08
3.528154758823478e-08
3.726325039009128e-08
4.2912957124282714e-08
4.606061969931423e-08
4.952471131604495e-08
2.1710703964775543e-08
2.2867202607658654e-08
2.3288313119199496e-08
2.2510199038094925e-08
1.7514158250670723e-08
1.5430370124493364e-08
1.3630060381940114e-08
1.4162531972569274e-08
1.3849266114870521e-08
1.3062713640924325e-08
1.3158468663882722e-08
1.341927375569136e-08
1.3205548464258397e-08
1.3291367054587714e-08
1.3257821824501953e-08
1.3779037910666148e-08
2.0521268240258905e-08
2.133892072566011e-08
2.1799446565345145e-08
2.336091333075631e-08
2.414029902959263e-08
2.8069573205462868e-08
3.126739578362958e-08
2.980285250332924e-08
3.010417769035355e-08
3.129129412725108e-08
3.214519647290867e-08
3.3491484125696454e-08
3.104993849335967e-08
3.2773947619294374e-08
4.101066407104424e-08
5.3576729084982485e-08
6.935089302828601e-08
8.476364194669778e-08
1.060952717425932e-07
1.2577534341013624e-07
1.332468774048071e-07
1.3760795119261665e-07
1.5876037094488182e-07
1.5292559396584693e-07
1.4692990138850552e-07
1.3620542002204923e-07
1.2343093759779678e-07
1.271968580833042e-07
1.2620832023912953e-07
9.306619475069056e-08
