max:2010
min:1915
4.836861194235098e-06
4.926933524984634e-06
5.183241304015003e-06
5.520476536600784e-06
6.153717159967138e-06
6.547240056014354e-06
6.724370515647544e-06
6.908823836835966e-06
7.08295237927814e-06
7.041395877292546e-06
6.8572415849692855e-06
6.307289627979376e-06
6.113745387535476e-06
6.038849473303084e-06
6.074338801097058e-06
6.031389407975699e-06
6.142246612788378e-06
6.217508273818696e-06
6.277612036293638e-06
6.388705319945334e-06
6.424960702133831e-06
6.465163486219743e-06
6.528429886592286e-06
6.301920945718718e-06
6.24976311363363e-06
6.258826877975869e-06
6.295337633283842e-06
9.27584285039172e-06
1.4408426912788335e-05
1.8292519013942054e-05
2.1568088219022945e-05
2.4802945907660095e-05
2.8493415746717282e-05
3.164569326535067e-05
3.1547421063545956e-05
3.015654744688488e-05
3.094149178650696e-05
3.3801171282123376e-05
3.650068460306751e-05
3.8171667516248166e-05
3.9729704440105706e-05
4.1136871524421235e-05
4.114071998628788e-05
3.961614233308605e-05
3.677559133003732e-05
3.361210214539564e-05
3.1021852659510584e-05
2.887701001392478e-05
2.693721346856494e-05
2.5315779566881247e-05
2.4185047160634504e-05
2.2865600580449348e-05
2.1931613965924563e-05
2.0984260117984377e-05
2.0185390894766897e-05
1.9527948357530738e-05
1.9167394514494974e-05
1.882207756612583e-05
1.8730513797241395e-05
1.8566475513840226e-05
1.8327132368410404e-05
1.8092191437192794e-05
1.7921880758616942e-05
1.770077428123581e-05
1.7576058391049238e-05
1.7506330290676226e-05
1.766707048643314e-05
1.7911919972643125e-05
1.827244731040472e-05
1.8505860550378982e-05
1.8395880033494905e-05
1.8264990233417067e-05
1.809187987029353e-05
1.767808134900406e-05
1.7401560139010792e-05
1.679883903956839e-05
1.6335100943771458e-05
1.6294692873738575e-05
1.6117208880522022e-05
1.5648650202950065e-05
1.520215599677093e-05
1.4648379484632252e-05
1.4263939842099457e-05
1.3903411984626604e-05
1.3314985153556336e-05
1.2946852621098515e-05
1.2758012806963442e-05
1.2618890910484229e-05
1.2640415271952016e-05
1.2568081209402798e-05
1.234434213464348e-05
1.2174417861388065e-05
1.1876465318242221e-05
1.1814463656871036e-05
1.1726193952199537e-05
1.1398276683394215e-05
