max:2020
min:1865
1.298889176770679e-09
1.4107241486094324e-09
3.4442573145406405e-09
3.7140193698270707e-09
4.623004637834985e-09
4.569765343909182e-09
5.267539150897806e-09
5.3805697754403886e-09
5.232158317713953e-09
3.446560727292182e-09
3.888212712117272e-09
9.830385307361768e-09
1.0067762227069669e-08
1.2073626907773059e-08
1.245636528844431e-08
1.2799752607024167e-08
1.8922343311292674e-08
1.8885637307976466e-08
1.4197207853783311e-08
1.3978616288299963e-08
1.1416804763480265e-08
1.1312539817596802e-08
1.2869405913955895e-08
1.1637383683688845e-08
1.3323266735896868e-08
1.25008711239692e-08
1.4949144176514195e-08
1.7762806305197743e-08
2.7132079567187313e-08
3.271436962596194e-08
3.6133321097102973e-08
4.6188057315329645e-08
6.431622421944536e-08
7.809539478590263e-08
9.54679307036648e-08
1.077471059675515e-07
1.2362479801757737e-07
1.4973064261474584e-07
1.790141936908185e-07
1.9985267840638699e-07
2.296249834086796e-07
2.862175075993686e-07
3.406799383550866e-07
3.977377827725702e-07
4.4633184107364545e-07
4.911919120331731e-07
5.530086671764625e-07
6.233273990931463e-07
6.68118324093874e-07
7.023200997277204e-07
7.294032522103018e-07
7.717523544670257e-07
8.406148270166471e-07
9.031538427604704e-07
9.327099763010795e-07
9.862603422204432e-07
1.083224511993259e-06
1.171569863345212e-06
1.276314573520462e-06
1.3485470325187116e-06
1.4307732953966479e-06
1.6085328655078359e-06
1.7313403272315294e-06
1.8029783177553327e-06
1.926905334974955e-06
2.013515540966182e-06
2.0942370773419886e-06
2.1688067590730498e-06
2.3091033978874165e-06
2.3369647286537135e-06
2.4085719100444943e-06
2.4400742079576176e-06
2.518569869737673e-06
2.5979583304953328e-06
2.6596637131400972e-06
2.4840405460833736e-06
2.4756623133725952e-06
2.4773638805137514e-06
2.4832761157865335e-06
2.443525480495217e-06
2.451754815930534e-06
2.532006582051898e-06
2.631468500372388e-06
2.712640740095854e-06
2.73137564883135e-06
2.8241248466136833e-06
2.8358643118865856e-06
2.807528387295731e-06
2.7173005362003877e-06
2.6918752545108352e-06
2.6579528561602013e-06
2.6367191756954914e-06
2.5467642379745873e-06
2.530498769764173e-06
2.477518104829609e-06
2.411110082383467e-06
2.375251337330805e-06
2.312746703734904e-06
2.2562857273961915e-06
2.1835945257667585e-06
2.124044288263706e-06
2.0978599357996634e-06
2.0948549003410984e-06
2.1152544767184215e-06
2.316908194188727e-06
2.4421010169005186e-06
2.560714554939685e-06
2.659190158738056e-06
2.815720725785858e-06
2.9317850801037693e-06
3.0254199308339073e-06
2.9575551252492005e-06
2.976350807719947e-06
2.9884274681535317e-06
3.0272688036347972e-06
3.008806126152714e-06
3.000048829043018e-06
2.9933219138911227e-06
2.994991388862088e-06
3.057665318400333e-06
3.1535551637976563e-06
3.27463872703707e-06
3.438384153144268e-06
3.585244582739376e-06
3.7729078680318447e-06
3.989371504888238e-06
4.231071021162539e-06
4.444769729161635e-06
4.667043932775934e-06
4.877308323817228e-06
5.114010491524823e-06
5.322112558912652e-06
5.55037662966892e-06
5.629926298362469e-06
5.763504629742654e-06
5.8300373504087995e-06
6.0707365524389644e-06
6.296847849236136e-06
6.402388407877879e-06
6.475964450406277e-06
6.525229439700654e-06
6.606322066155761e-06
6.781526800685762e-06
6.86537402673691e-06
6.7534935754208296e-06
6.662351747114112e-06
6.679140109814138e-06
6.75281762596569e-06
6.724885289648748e-06
6.519125560901427e-06
6.092259874484236e-06
5.9682203235362456e-06
5.978235852429255e-06
5.811566006741487e-06
5.611333790511708e-06
