max:1990
min:1910
3.7152146603602887e-07
3.533022265855834e-07
3.4182411923211475e-07
3.5058412046445095e-07
3.302792005602636e-07
3.408052293707442e-07
3.28613450863356e-07
3.135058506131827e-07
3.080151945563817e-07
2.9455741972534657e-07
2.6626909134717736e-07
2.7660244938942924e-07
2.4441581355664053e-07
2.425786667410128e-07
2.3889525989164083e-07
2.296768672392448e-07
2.3473096177895059e-07
2.3141723813426195e-07
2.2096933248251715e-07
2.0255637878108246e-07
1.893144038993861e-07
1.8524727352087211e-07
1.7739157190784942e-07
1.6554898252252315e-07
1.56005499312479e-07
1.404067698932262e-07
1.3642703627121072e-07
1.3649028269518177e-07
1.2790755070974618e-07
1.237796394905542e-07
1.1530902708857735e-07
1.0796347181342623e-07
9.68386483382996e-08
9.085126505072236e-08
8.533461937076936e-08
8.283793156189339e-08
8.1682341398651e-08
8.355781590450664e-08
8.642688799552292e-08
8.931637702452073e-08
8.952390930159839e-08
8.535486374837222e-08
8.497478022815943e-08
7.980674660806081e-08
7.555176801637182e-08
7.194495107601792e-08
6.526771301196277e-08
6.207125429520082e-08
6.126855162896e-08
5.913935753808021e-08
6.16874921937389e-08
6.160518698347264e-08
6.442312892675415e-08
6.79262111954618e-08
7.050219252846546e-08
7.736017388586853e-08
8.000939390383013e-08
8.238364301860202e-08
8.401735535861527e-08
8.100519670912426e-08
7.857012716629339e-08
7.73907429569525e-08
6.972164458472565e-08
6.397422985011352e-08
5.6863290711005125e-08
5.067303884434945e-08
4.8290303311659954e-08
4.529148408697178e-08
3.9672087329531025e-08
3.641491070587628e-08
3.3742708183126524e-08
3.3037406715103705e-08
3.172643227498741e-08
3.022625273883607e-08
2.927885413482402e-08
2.8049868459691296e-08
2.6977829240390098e-08
2.6657379288102286e-08
2.625789689384798e-08
2.6487447257750317e-08
2.5608719589342854e-08
