max:1995
min:1875
6.10354584651418e-08
6.124482681002519e-08
6.349468210468483e-08
6.996684120963437e-08
7.852498181851583e-08
7.959603668236273e-08
9.1247628627603e-08
1.0020728780091304e-07
1.087885885502666e-07
1.3601027961028323e-07
1.7658439129978172e-07
2.3474524673312252e-07
2.6966570690741977e-07
3.0846939174417845e-07
3.764486332816627e-07
4.2727901521694936e-07
4.339105389915078e-07
4.3721684457003515e-07
4.187715002704603e-07
4.6103488265154216e-07
4.5988691762691556e-07
4.217462057048189e-07
4.102909940684185e-07
4.4476453808783845e-07
4.356530942979069e-07
4.321871602184858e-07
3.8375812242260767e-07
3.6763848600328076e-07
3.641939656517934e-07
3.6077422903092936e-07
3.290480451921342e-07
3.380632530739344e-07
3.486200707162165e-07
3.4368291526984e-07
3.5508670797363653e-07
3.455721915608072e-07
3.2207384695733967e-07
3.112340099927938e-07
2.969129683703743e-07
3.6753997838851707e-07
4.0538220957841986e-07
4.067515472375557e-07
4.30257616455622e-07
4.7320457952082506e-07
4.766943959566561e-07
4.739754250035081e-07
3.8638590435117036e-07
3.560482956085512e-07
3.6440865918458645e-07
3.599597318628055e-07
3.4582056481927535e-07
3.537022905675258e-07
3.7499873022690214e-07
3.859434067570484e-07
4.1727598646243026e-07
3.94573289343368e-07
3.7833949103774754e-07
3.567368318207238e-07
3.43831004556705e-07
3.25746132797836e-07
3.118703131933996e-07
2.804381113362199e-07
2.953069408054684e-07
3.3981206927689656e-07
3.573099555913879e-07
3.653646964656738e-07
3.603800605235717e-07
3.5510830847280364e-07
3.477437766313025e-07
3.226720407058435e-07
2.767348884650086e-07
2.516729458485705e-07
2.503681295300859e-07
2.521585632361426e-07
2.682282708324887e-07
2.6139298573265736e-07
2.599721093637137e-07
2.5807571749477833e-07
2.548980424827667e-07
2.515193143283666e-07
2.387122200226648e-07
2.2326575585144122e-07
2.3230433246875952e-07
2.331256203953152e-07
2.3271280724657117e-07
2.3465465557949627e-07
2.302861718460138e-07
2.3327463744798089e-07
2.2844656046215407e-07
2.187537079732595e-07
2.3128039369372084e-07
2.3677788111139568e-07
2.4034384336703495e-07
2.3855267272665515e-07
2.3500501202176694e-07
2.3526676784513256e-07
2.3493178145729742e-07
2.3013038027589312e-07
2.3764377691090237e-07
2.3588941035411282e-07
2.3477214077567104e-07
2.340105221979424e-07
2.2877173526986943e-07
2.3184976985898435e-07
2.2117455752582567e-07
1.9943283697492526e-07
1.95958414954995e-07
1.902436902615331e-07
1.8913453711125579e-07
1.8969602422203025e-07
1.8488469371342425e-07
1.8720477409520493e-07
1.9735064833119915e-07
1.9961677618799252e-07
2.0006375020134977e-07
2.0237967289306524e-07
2.014737166941164e-07
1.9868497856480515e-07
1.9840124802309825e-07
1.898753453133395e-07
1.8674145252361996e-07
