max:2005
min:1880
1.1510339209541698e-10
3.1304187575464935e-10
2.6429722253344203e-09
2.6187536702629697e-09
7.469987751378732e-09
1.231687483354322e-08
2.0538282134520613e-08
3.008913017156699e-08
3.6898035674478736e-08
3.899123392413019e-08
4.3798205697141516e-08
4.4861737943538826e-08
4.446422430248731e-08
4.366867527900402e-08
5.1349912258810293e-08
5.966879028968769e-08
6.63868274638649e-08
8.052775462325761e-08
9.844140842168209e-08
1.2772419058900857e-07
1.4310343487977661e-07
1.4779194503132332e-07
1.6231119356494412e-07
1.842449758474426e-07
1.7989380499524747e-07
1.8475997925244364e-07
1.8539351945686837e-07
1.8941288512256245e-07
1.9524598623580198e-07
1.8896530613281876e-07
1.8868486506562476e-07
2.098537623039322e-07
2.1543591596387808e-07
2.2078983923685363e-07
2.2936651029275318e-07
2.2199642200705837e-07
2.2342823261364435e-07
2.2713500007804604e-07
2.2944002507431704e-07
2.3520927884744326e-07
2.228444100995018e-07
2.1007311496694975e-07
2.0950025105191473e-07
2.0848386839134037e-07
1.986215494298449e-07
1.8432997908998265e-07
1.7573428578998573e-07
1.73755566379441e-07
1.8451880683707194e-07
2.0214112542557165e-07
2.0619127789294517e-07
2.1654042825502984e-07
2.1626403525130756e-07
2.198424726072647e-07
2.2344999755270172e-07
2.2779043514934268e-07
2.3233396210084072e-07
2.4817424153817616e-07
2.534778583854599e-07
2.6484686900727995e-07
2.7051989093251905e-07
3.066217613780152e-07
3.2632619146560113e-07
3.604431364172862e-07
3.712125646870845e-07
3.736174189076077e-07
3.953013033099394e-07
4.10479328495837e-07
3.8371500262915757e-07
3.787750780962337e-07
3.526481293647521e-07
3.6376513077941907e-07
4.3460233557977646e-07
4.213094817779555e-07
4.1716455306024205e-07
4.332548704561694e-07
4.2184773211114847e-07
4.1064550211038817e-07
3.8539518040384533e-07
3.094976079864864e-07
3.037754855280842e-07
2.9915643397414116e-07
2.7798233759313007e-07
2.682767704495096e-07
2.805826032467199e-07
2.762582888798144e-07
2.8882450107760504e-07
2.797111327319206e-07
2.6600219525464907e-07
2.695252204278274e-07
2.759890967191885e-07
2.668955098832677e-07
2.846915236887071e-07
2.7554995694702355e-07
2.9586622523376196e-07
3.160874695952641e-07
3.1897083983624596e-07
3.3805297253560897e-07
3.406698851904366e-07
3.367661634001706e-07
3.443137026286942e-07
3.4771749061032355e-07
3.5031297329624067e-07
3.628643290604876e-07
3.51528728158103e-07
3.540790122055374e-07
3.4916465909061246e-07
3.3271641492709545e-07
3.1616206034154206e-07
2.9349785433753694e-07
2.7584835038396704e-07
2.6554929734499767e-07
2.508131404153703e-07
2.4033499406479155e-07
2.4053287006609025e-07
2.3625397968122082e-07
2.3223854636203862e-07
2.315983595378514e-07
2.2759417918548153e-07
2.3030134700872752e-07
2.3305559336352288e-07
2.364583906455664e-07
2.5500844661304913e-07
2.630418975968496e-07
2.6818274250217656e-07
2.804665584221766e-07
