max:2015
min:1925
1.2109531439818966e-06
1.232206977874739e-06
1.1886075602281683e-06
1.16312209489219e-06
1.1453670205290628e-06
1.1234935105416558e-06
1.0802565059618376e-06
1.053769178075267e-06
1.0040183399593973e-06
1.0049301246389014e-06
9.802595530215643e-07
9.287190242243273e-07
8.957318706442103e-07
8.543918933615455e-07
8.244612022930856e-07
7.753079021962808e-07
7.312972262038134e-07
6.979087499660506e-07
7.066011237709193e-07
7.013549228369291e-07
7.047803072574814e-07
6.93962671708245e-07
7.115674764333692e-07
7.142472294877475e-07
7.407245285711335e-07
7.216798069618693e-07
7.033742284485405e-07
6.979455032965884e-07
6.778644530770959e-07
6.546736537010085e-07
6.369931985058688e-07
6.058485187817755e-07
5.816193363118925e-07
5.799724525396803e-07
5.821854642817925e-07
5.994715560778527e-07
5.990332608364822e-07
6.294693223805683e-07
6.625469869244885e-07
6.960708723064662e-07
7.227880993403752e-07
7.373161322123321e-07
7.29581667461129e-07
7.209252755403992e-07
6.827775921790038e-07
6.386526690351145e-07
5.978157844310772e-07
5.520353170140879e-07
5.051271086488538e-07
4.7486393230298874e-07
4.6052771754797763e-07
4.454220540342898e-07
4.3694033381923093e-07
4.262670115297494e-07
4.16874493274528e-07
4.169439072094454e-07
4.196524758169419e-07
4.1207238967087635e-07
4.12632768334983e-07
4.1317756378183343e-07
4.118061066752229e-07
4.133146863491025e-07
4.110228287247862e-07
4.048881286118038e-07
4.1655288539134615e-07
4.207310269066511e-07
4.2042239556394634e-07
4.296597800086082e-07
4.330455202047493e-07
4.407454485187502e-07
4.557665493263942e-07
4.67764907950498e-07
4.831162933831885e-07
5.034365041670494e-07
5.091018603512307e-07
5.253941545951031e-07
5.701996558725244e-07
5.850485373619969e-07
6.184512975388705e-07
6.506595663527801e-07
7.01365252098185e-07
7.629644106340752e-07
8.014708490528781e-07
8.013220167413238e-07
8.284543306607312e-07
8.503910424094232e-07
8.665778880510646e-07
8.851265046619769e-07
8.781560723036819e-07
8.888018328434554e-07
9.182403317709031e-07
