max:1995
min:1950
8.503270136628327e-11
9.00568508654942e-11
7.504737572124516e-11
9.415742590374826e-11
9.415742590374826e-11
1.0547281004929282e-10
1.3720931038177905e-10
1.73577104078948e-10
1.8048533501069386e-10
2.7721754455470714e-10
3.4810698371475924e-10
4.230511298418195e-10
4.148954414156287e-10
3.885231243870381e-10
4.2064556798100076e-10
4.147782018642283e-10
5.022101207119434e-10
4.183253346897889e-10
9.167252909162268e-10
8.973134398214202e-10
9.764536659398866e-10
9.590922203254033e-10
1.0913355635855382e-09
1.1978962444996505e-09
1.2741080254333577e-09
9.937839440254947e-10
1.2307535784168116e-09
1.7324339661252607e-09
2.015061213127873e-09
2.469015040037651e-09
2.9386595855131402e-09
6.2348871938360566e-09
9.367538348189645e-09
1.4304682042062415e-08
2.4516560242255584e-08
4.159557967905617e-08
6.486247862623276e-08
9.522029793223347e-08
1.164276248744045e-07
1.3120016108457223e-07
1.4219378994896813e-07
1.4625934901297504e-07
1.4168578538991434e-07
1.3745189756756795e-07
1.2137681295598668e-07
1.0867696254024395e-07
