max:2010
min:1900
1.8416753277961107e-07
1.8168965709719487e-07
1.863410877452528e-07
2.101045676486787e-07
2.1561713278320633e-07
2.3293096010742635e-07
2.5987606428706e-07
2.7813226820074176e-07
3.033025076807202e-07
3.39591425456222e-07
3.7178225958151803e-07
4.2909060279531073e-07
4.6769873003021143e-07
5.061298143768259e-07
5.774522670825328e-07
6.618666442851204e-07
7.657813918220719e-07
1.2102458169595463e-06
1.7237795272454344e-06
2.1187062446058136e-06
2.433458259279827e-06
2.6605125153115035e-06
2.8553046474501443e-06
2.9986076372421977e-06
2.76855894298933e-06
2.5426248027672827e-06
2.531600005438252e-06
2.520951673951848e-06
2.6993482476557673e-06
2.746077565721602e-06
2.927540630740363e-06
2.9798167296186354e-06
2.8849460704805097e-06
2.7022013974991362e-06
2.5663829319455544e-06
2.342962862452883e-06
2.270407337943782e-06
2.0469360444102288e-06
1.9673976469545906e-06
1.9291700904692074e-06
1.8557041780046087e-06
1.835839124656299e-06
1.8039544167030336e-06
1.805973365013155e-06
1.9589018458126314e-06
2.020491755112224e-06
2.205265770628882e-06
2.4833761114807984e-06
2.5954230815321873e-06
2.6597012622784988e-06
2.736069745878922e-06
2.7330568173056236e-06
2.851429176839052e-06
2.902308486747123e-06
2.8242699759825233e-06
2.937152170748699e-06
3.1076438062882517e-06
3.3120333487853974e-06
3.3658921633364765e-06
3.4544937079772353e-06
3.516110479852484e-06
3.6284476599186225e-06
3.7003518562934393e-06
3.725715941982344e-06
3.621530368036474e-06
3.700695450398988e-06
3.717264105164629e-06
3.7148102234953384e-06
3.833217566092831e-06
3.815390235623843e-06
3.873037290499529e-06
3.938694135285914e-06
3.854972029720167e-06
3.771932337518332e-06
3.723557321271593e-06
3.5565978383341905e-06
3.7455527360309915e-06
3.8648783759396925e-06
3.993459358753171e-06
4.266696903089594e-06
4.467150607264817e-06
4.682971816042222e-06
4.862781874440511e-06
4.840854022144672e-06
4.8782648523878635e-06
4.845809079207746e-06
4.773086207673519e-06
4.7072046202499355e-06
4.607216721654238e-06
4.579001792340673e-06
4.5155214008575835e-06
4.470122803468257e-06
4.540100755028627e-06
4.599081486438601e-06
4.682560237207716e-06
4.7585705423054085e-06
4.81022938661876e-06
4.948264956640612e-06
5.100238338075412e-06
5.2488917390292045e-06
5.284268094588437e-06
5.431427000855495e-06
5.788026490855762e-06
6.075138441831639e-06
6.45429424496667e-06
6.549138236420861e-06
6.5848935264511965e-06
6.6235895376719005e-06
6.750985600471419e-06
6.650283830822446e-06
6.6310467445873655e-06
