max:1990
min:1935
8.439672605220494e-08
9.873896402723404e-08
1.2241801646458347e-07
1.3672879565059963e-07
1.6291529801394843e-07
1.834160495864775e-07
2.0195818909282286e-07
2.2604223813362167e-07
2.434643562310157e-07
2.465180943188118e-07
2.511702023509445e-07
2.577724822166212e-07
2.7044707248283626e-07
2.716446902338378e-07
2.6968277211381064e-07
2.6399124765573235e-07
2.5610394516206725e-07
2.470594182568675e-07
2.3753271502105884e-07
2.2984623017561846e-07
2.368135280253877e-07
2.3553626858431797e-07
2.483462619043816e-07
2.607493964238269e-07
2.82525704164982e-07
3.1900432467019915e-07
3.3186237910090964e-07
3.268232952840273e-07
3.199889927632934e-07
3.022385024158731e-07
2.9437482039286677e-07
2.6910808717924996e-07
2.3306389453279864e-07
2.105794314794756e-07
2.0755950913553534e-07
2.2433178717814632e-07
2.2306314357527818e-07
2.154809927950347e-07
2.1831145399378977e-07
2.3098068270753303e-07
2.359807130655359e-07
2.3764273139801973e-07
2.2491224171972135e-07
2.4331099065680715e-07
2.5664350289389404e-07
2.756606189028129e-07
2.942876834919973e-07
3.1400451153526123e-07
3.154595934315044e-07
3.3415650640173613e-07
3.254793179101918e-07
3.388471156995365e-07
3.3411402406662613e-07
3.17490323216892e-07
3.1182225370685044e-07
3.2659203696994155e-07
