max:2005
min:1890
8.171837151405015e-09
8.007199570059242e-09
8.062159125484433e-09
7.556148881196885e-09
6.124031535849537e-09
5.95795606501375e-09
6.3909694679255475e-09
7.232859834869844e-09
7.445724544855434e-09
7.256495594885694e-09
9.592418542021214e-09
9.99131552096141e-09
1.0614788032674888e-08
1.182037312474904e-08
1.2147005052603227e-08
1.3217103221409486e-08
1.31927824855081e-08
1.1646849833774858e-08
1.1936573888046302e-08
1.2123366691493435e-08
1.1543970731712046e-08
1.6198200748972014e-08
1.8405875046312303e-08
1.881532897739037e-08
1.952823579033845e-08
1.9700529842379766e-08
1.93703004112779e-08
1.9573533397273683e-08
1.5271959823743534e-08
1.2677702950928245e-08
1.4910263119410113e-08
1.4645116992133872e-08
1.6628068699731102e-08
1.6626192740026065e-08
1.6673703306935295e-08
1.6385842016575225e-08
1.6158877030087685e-08
1.4040151771358263e-08
1.3411195709522872e-08
1.189629854942658e-08
1.2437918885309176e-08
1.314909476539989e-08
1.2940064765741357e-08
1.4441077413250371e-08
1.4737774175646986e-08
1.6927714214481123e-08
1.7097323556924948e-08
2.8637716198431917e-08
2.9034148799464025e-08
3.487097239534316e-08
3.4926481770217576e-08
3.7265837653827864e-08
3.7009605792702264e-08
3.919436077280482e-08
2.9243692420014407e-08
3.126524842197601e-08
2.9059338046977246e-08
3.058511666154118e-08
3.041553091926679e-08
3.282232923546806e-08
3.5899385305729736e-08
3.944404447508987e-08
4.441994175660316e-08
6.835531328265785e-08
1.0974355874842396e-07
1.4122929873191685e-07
1.6321674779971674e-07
2.018332457355752e-07
2.435409578132359e-07
2.783865815964808e-07
2.7430331986774294e-07
2.5420395997701105e-07
2.4404117279378366e-07
2.4042602880009714e-07
2.2127287227898966e-07
1.9797968572480125e-07
1.8999443186982846e-07
1.981802414872748e-07
2.1555773953098522e-07
2.230960579449207e-07
2.382144259627239e-07
2.467774992607831e-07
2.845426913771527e-07
3.1558572694783446e-07
3.795992914287386e-07
4.27655200902726e-07
5.041543431616446e-07
5.794289441902427e-07
7.05065328280138e-07
7.658870312557806e-07
8.199732113618146e-07
8.243875332222419e-07
1.018858483803342e-06
1.0470842458484446e-06
1.1181573589575628e-06
1.1024853360400551e-06
1.1486098644906763e-06
1.1966298935866298e-06
1.2837549710249213e-06
1.325132302554266e-06
1.465428096837838e-06
1.5772606535132842e-06
1.7311848686014336e-06
1.8542813872305227e-06
2.135475126254148e-06
2.2270042531350294e-06
2.3129325329916483e-06
2.384261636377362e-06
2.4431095815608776e-06
2.4845082537337604e-06
2.535882686061086e-06
2.420383485254466e-06
2.52802413212651e-06
2.467177713090981e-06
2.4717636733839753e-06
2.466505236498051e-06
