max:2010
min:1895
3.6417294527191224e-10
3.171351292685642e-10
5.113461228519375e-10
4.554268728013915e-10
4.818879600909654e-10
4.5996730234167313e-10
3.9699388221237086e-10
7.743222808974184e-10
2.283919436510803e-09
2.147409458586047e-09
2.1736936655398456e-09
2.1339773936019616e-09
2.1339773936019616e-09
2.1470093371817836e-09
1.7415217016496826e-09
3.7042689253276503e-10
3.482394462081143e-10
3.5957853064142297e-10
4.11572679706992e-10
4.532333625470056e-10
5.007805915978127e-10
5.342841407391624e-10
5.631656886860372e-10
6.193797419395963e-10
7.536038340979648e-10
2.5662501290657502e-09
3.565239107907102e-09
8.318893010958054e-09
1.6139511822237703e-08
3.158488359744638e-08
4.39700255094877e-08
6.615185662742615e-08
8.491967047013255e-08
1.0160658295684957e-07
1.1883758180683149e-07
1.3741307368166288e-07
1.4882167675978053e-07
1.6528482303458857e-07
1.634251601347257e-07
1.7507319682863454e-07
1.830630123679709e-07
1.83159759866872e-07
1.8820223398766496e-07
1.9271357132311095e-07
1.8949950637241792e-07
1.9321404311410462e-07
1.884902697416432e-07
1.8703921966789494e-07
1.8752337333743136e-07
1.8444719021967364e-07
1.7926652365726374e-07
1.7655752466388159e-07
1.867287327935888e-07
1.870475005359497e-07
2.0494987040819979e-07
2.1804418232867257e-07
2.2416839889111933e-07
2.3400215403463725e-07
2.4317031740598137e-07
2.3919495057660764e-07
2.4303402312852995e-07
2.3379959860189308e-07
2.343863323111301e-07
2.5082047930676967e-07
2.65841348680494e-07
2.755082034257482e-07
2.8590982838392976e-07
2.9377568872795176e-07
3.050848818020313e-07
3.131679388193983e-07
3.0408724731907047e-07
2.987441486571437e-07
3.0132943606986373e-07
3.01930400935037e-07
3.0771893680788966e-07
3.0969497239701535e-07
3.2084764711726166e-07
3.259376829386643e-07
3.1506839702290434e-07
3.249223214295073e-07
3.24798605788601e-07
3.1854604084661074e-07
3.1118656806938816e-07
3.0604082163725774e-07
3.0397738929163355e-07
3.114782844347376e-07
3.035960795776711e-07
3.180720966611261e-07
3.235925670911196e-07
3.372484473272509e-07
3.3401030918867036e-07
3.433875568654392e-07
3.5849128770288577e-07
3.574794423652098e-07
3.5865233728925106e-07
3.633698497651494e-07
3.636964517487026e-07
3.681244079091682e-07
3.8004880918508987e-07
3.8526875658005467e-07
4.0016560985480153e-07
4.140488759471087e-07
4.293954378096844e-07
4.3216941695131285e-07
4.4384065388060533e-07
4.3369452993959256e-07
4.265942225499332e-07
4.241561798932837e-07
4.12441104507317e-07
4.078866676796419e-07
4.0249608852198957e-07
4.017738969456072e-07
4.0010691090433935e-07
4.0176494072359975e-07
4.010950249266898e-07
3.9791315487036627e-07
