max:1995
min:1915
0.0001221578222612152
0.00011889358866028488
0.00011630660204294448
0.00011578943251931508
0.00011301987771210926
0.0001109834702219814
0.00010784423024493403
0.00010796070481384439
0.00010728715278673917
0.00010707639428021918
0.00010504116861349238
0.00010303785113917132
0.0001018042239593342
0.00010466035538619118
0.00010395808827265032
0.00010432711444861655
0.00010377794803519334
0.00010465260960959963
0.00010649120979776074
0.0001074203651764297
0.00010437352258512484
0.00010411968001530372
0.00010290065880066582
0.0001024642790850651
0.0001008054314297624
9.729978566091242e-05
9.351692070984947e-05
9.14117377500848e-05
8.741422997055841e-05
8.511508972982742e-05
8.309005975856312e-05
8.132990166944052e-05
7.93001994939654e-05
7.854623254388571e-05
7.685027230763808e-05
7.647004219636853e-05
7.605534795272564e-05
7.464967971567862e-05
7.245825275146802e-05
7.21785077725404e-05
7.076750521913969e-05
6.946602141917018e-05
6.826708912350503e-05
6.65476025980232e-05
6.49227638080317e-05
6.412945367628708e-05
6.131066350332861e-05
6.0189895780890114e-05
5.877242438145913e-05
5.757613637667548e-05
5.6679913541302085e-05
5.5923819932754017e-05
5.492433670692013e-05
5.4774227464804426e-05
5.469568714033812e-05
5.462440562301448e-05
5.455087115738674e-05
5.4416698341291135e-05
5.537533641992403e-05
5.6404989404005133e-05
5.7659165966989736e-05
5.860792953171767e-05
5.8860521156540404e-05
5.944517189553673e-05
6.021461532717305e-05
5.971826405064868e-05
5.899502035130614e-05
5.7960632797663235e-05
5.704763887998914e-05
5.693850523260023e-05
5.6361335737165064e-05
5.560324539796316e-05
5.573823208188904e-05
5.5767274586417314e-05
5.710048779811976e-05
5.7771535856383185e-05
5.7741986113666955e-05
5.7472359912935644e-05
5.75502065961094e-05
5.7360840582987296e-05
5.7929039030568674e-05
