max:2000
min:1940
3.862100683704739e-07
3.5757804539571225e-07
3.399143982581639e-07
3.269248135698685e-07
3.1207715015365724e-07
2.9412296141474924e-07
2.769683565670026e-07
2.703189555372124e-07
2.6755743322480286e-07
2.6760016729505356e-07
2.5835803033455053e-07
2.3296885842682968e-07
2.252645024165239e-07
2.1737649141024512e-07
2.0321861882166559e-07
1.9636276249457296e-07
1.8645177947616632e-07
1.860705245755006e-07
1.7520932463607357e-07
1.7538476372789903e-07
1.8486377330516136e-07
1.9126423264229482e-07
1.901241140395931e-07
1.8709632903275114e-07
1.861065409717152e-07
2.1128636871838224e-07
2.1173049853067433e-07
2.01632924959735e-07
2.0524708434420192e-07
2.2168812360437835e-07
2.3182567027950946e-07
2.383316472430254e-07
2.188765628423945e-07
2.2918674704085008e-07
2.4495877174298843e-07
2.502642096097978e-07
2.3736795031124659e-07
2.4134641104670405e-07
2.434376256132964e-07
2.523258026647974e-07
2.500618145566997e-07
2.455948394494304e-07
2.4524265792738985e-07
2.504604330917053e-07
2.556228671275156e-07
2.605111128722066e-07
2.6385165036962075e-07
2.90911038242874e-07
3.0396232375551335e-07
3.1900513062867374e-07
3.445247825441454e-07
3.72964227121234e-07
4.109341286298981e-07
4.659061240935054e-07
4.825473516640548e-07
5.248697659356237e-07
5.733486229278892e-07
6.176872651459624e-07
6.38076954828648e-07
6.587158623005962e-07
6.575556028565188e-07
