max:2005
min:1900
1.3514685100191048e-09
1.2634871621175492e-09
1.2818126398269254e-09
1.1894702147844223e-09
5.718030909873661e-10
5.718030909873661e-10
5.545078681937607e-10
4.589400526278098e-10
3.2871694255476314e-10
1.8483693147481565e-10
9.406326511347224e-11
9.406326511347224e-11
1.6250512047122356e-10
1.6250512047122356e-10
1.6242824545693273e-10
1.6242824545693273e-10
1.5301716639802366e-10
3.2555516615850877e-10
3.2555516615850877e-10
2.7061170962802295e-10
3.366851420676704e-10
1.0955241892223506e-09
1.874971489576208e-09
1.8320568613759492e-09
2.2625021756888283e-09
2.852274216417047e-09
4.666740771597233e-09
4.687028543060023e-09
5.877903243499207e-09
5.242542431917383e-09
5.501155118738308e-09
5.1972293453011224e-09
6.157552594794018e-09
5.870124354854868e-09
6.082534222327598e-09
4.893508201827704e-09
5.5849680753133106e-09
5.816593080203753e-09
5.662170668837721e-09
4.325027209388972e-09
3.3974885286066782e-09
3.413388730396808e-09
3.535246175166508e-09
5.637628824090817e-09
6.410954735334786e-09
7.211944834979127e-09
1.0460463606420944e-08
9.92617699147047e-09
1.1350486360330235e-08
1.136408132675269e-08
9.149889385844695e-09
1.1426972415914553e-08
1.470119553077203e-08
1.465538633306705e-08
2.321727147044531e-08
6.21128453432667e-08
1.7545825091249056e-07
3.2990376221318586e-07
4.985061336425036e-07
6.455324769965338e-07
8.141777192755788e-07
9.135102305078493e-07
9.67518157527333e-07
9.473489269242106e-07
8.74188174293522e-07
7.922638636565742e-07
7.600462887629484e-07
7.011300908743578e-07
6.88534466267551e-07
6.845349876779697e-07
6.79054291400202e-07
6.773861725508011e-07
6.850904372056123e-07
6.673283467405002e-07
6.598701328844722e-07
6.973695170537602e-07
7.033948382481217e-07
7.2333139249687e-07
7.430246893948476e-07
7.382689740812307e-07
7.28604594054819e-07
7.228690524893214e-07
6.905349323460541e-07
7.183973106553562e-07
7.078464493913219e-07
7.204796231365305e-07
7.282123582237026e-07
7.571701335759176e-07
7.65259593598395e-07
7.625630636149643e-07
7.426792113359884e-07
7.426846601837107e-07
7.358383494907425e-07
7.353373803198338e-07
6.9858112640629e-07
6.802688160080704e-07
6.742150325018364e-07
6.627396455119847e-07
6.602770180766779e-07
6.515198752562615e-07
6.434442038231023e-07
6.432097490817666e-07
6.377268521516401e-07
6.369234881731245e-07
6.338681373563304e-07
6.251020323588818e-07
