max:2005
min:1910
1.6010874404059905e-07
1.5530762027538002e-07
1.5579122466154635e-07
1.5665507037608351e-07
1.5532391728356743e-07
1.6082531268628892e-07
1.5930977781408728e-07
1.6295365818613e-07
1.6807180307815933e-07
1.7180793625876894e-07
1.7351397169867206e-07
1.7338725553729872e-07
1.7131680911981156e-07
1.779372870000121e-07
1.8015617188536582e-07
1.809694306790074e-07
1.7975554555960116e-07
1.8014663640185192e-07
1.8799307050747821e-07
2.1860044390515603e-07
2.333132524004863e-07
2.46938242298711e-07
2.6899188502024375e-07
2.911524867548516e-07
3.0114278258354587e-07
3.152675926035694e-07
3.0970489157360656e-07
3.1257192745215434e-07
3.130216238592506e-07
3.0557307744467313e-07
2.9767522034619886e-07
3.0402897063400556e-07
3.068968551035921e-07
3.010485727372725e-07
2.959960982350042e-07
2.968996812212156e-07
2.985549087952677e-07
3.0264721268784864e-07
3.0308390413275834e-07
2.989501492070953e-07
3.030034503938493e-07
3.051471091047071e-07
2.946578945284273e-07
2.934854056288064e-07
2.9561591726893053e-07
3.075804134563701e-07
3.0287700626883763e-07
2.952750719487085e-07
2.9628535003212164e-07
3.0243066362345417e-07
3.006667514325402e-07
3.0634924996775226e-07
2.8801168891082594e-07
2.893353934853492e-07
2.9747154631617636e-07
3.0273810937485125e-07
3.102180455373725e-07
3.3471464787128623e-07
3.353577783725216e-07
3.716560529807923e-07
4.1493054985559344e-07
4.5293349769183676e-07
4.869748287157043e-07
5.117525176956406e-07
5.32305473858027e-07
5.527642201741401e-07
5.760892025006927e-07
5.852660284030467e-07
5.825015380521239e-07
5.998182603304616e-07
6.252080717266446e-07
6.695947182119458e-07
6.89407621783695e-07
6.928426371035e-07
7.121298202556707e-07
7.298406054750168e-07
7.376787038992916e-07
7.583499674573042e-07
7.554379765549259e-07
7.742137232266291e-07
8.288788860357142e-07
8.744736906659714e-07
9.477361605344672e-07
1.018869844366626e-06
1.0778302177121596e-06
1.0929007154507936e-06
1.1482798072393052e-06
1.1981340354135942e-06
1.2063187893675474e-06
1.2371729261368664e-06
1.228093278119299e-06
1.215642523025703e-06
1.2514055275200268e-06
1.2658849944576407e-06
1.2345789173195953e-06
1.2504963819992554e-06
