max:1990
min:1870
0.0
5.6806487291893856e-11
4.733873940991155e-11
4.057606235135276e-11
4.057606235135276e-11
4.057606235135276e-11
4.057606235135276e-11
4.057606235135276e-11
0.0
0.0
0.0
3.156559537563299e-11
3.156559537563299e-11
3.156559537563299e-11
3.156559537563299e-11
3.156559537563299e-11
3.156559537563299e-11
3.156559537563299e-11
0.0
0.0
0.0
0.0
2.247158213476906e-11
4.553325375474973e-11
4.553325375474973e-11
1.0904687668717677e-10
1.4780772835834962e-10
1.6638448357182105e-10
1.8442265175317678e-10
2.530206024856493e-10
2.2995893086566862e-10
2.2995893086566862e-10
1.664453079332416e-10
1.595627459525874e-10
1.4098599073911596e-10
1.2294782255776023e-10
3.1878289690518664e-11
3.1878289690518664e-11
3.1878289690518664e-11
8.700232201341862e-11
5.5124032322899956e-11
5.5124032322899956e-11
9.836635474412349e-11
9.836635474412349e-11
9.836635474412349e-11
1.1430507730812524e-10
5.918104498522529e-11
5.918104498522529e-11
5.918104498522529e-11
1.593872256400175e-11
3.9140377447058736e-11
3.9140377447058736e-11
7.15042469678906e-11
7.15042469678906e-11
7.15042469678906e-11
1.1751459725952073e-10
1.1751459725952073e-10
9.431294237646374e-11
1.171224268364008e-10
6.88198347515672e-11
6.88198347515672e-11
6.88198347515672e-11
9.3739222733242e-11
2.0957501607148695e-10
2.3204288887182908e-10
2.09233404411892e-10
2.09233404411892e-10
2.09233404411892e-10
2.527379060003808e-10
1.8180816772707586e-10
9.17656367560582e-11
6.929776395571606e-11
9.420580981966964e-11
9.420580981966964e-11
1.5111977542352813e-10
1.0761527383503936e-10
1.0761527383503936e-10
1.4804991558100714e-10
1.6514991556843787e-10
1.5724803403838195e-10
2.4184790083290967e-10
2.180321320314046e-10
2.964518709878762e-10
4.2196576391769925e-10
4.573495471227318e-10
6.141805595851122e-10
7.183864515163713e-10
7.229926558232386e-10
8.922251984852128e-10
1.0170963674457516e-09
1.240981872818736e-09
1.4657816865033218e-09
1.6387103896065014e-09
1.7056716039576258e-09
2.1740507489503055e-09
2.491809821972676e-09
3.071102245526853e-09
4.994785394808941e-09
6.1031336333934e-09
8.592969875336515e-09
1.1132113897360796e-08
1.524689834704012e-08
2.0031029850693064e-08
2.4349478496990936e-08
2.7763353647815492e-08
3.174573975124011e-08
3.3915740565199874e-08
3.7625604980868436e-08
4.0884685859055026e-08
4.237522231522105e-08
4.366904095474768e-08
4.452082080774744e-08
4.5166277828911916e-08
4.7280792106870906e-08
4.7481196117717313e-08
4.587956122950995e-08
4.607626128258094e-08
4.78869332758742e-08
4.8239561678542486e-08
4.9399830004404066e-08
4.9287668169029075e-08
