max:2020
min:1935
2.0496066732711427e-08
1.7774536420489538e-08
1.8530074141764885e-08
1.762310075648088e-08
1.3531933097864015e-08
1.2629530120124497e-08
1.351619057946404e-08
1.4290719211170914e-08
1.53876326284116e-08
1.5217249555681585e-08
1.572939987783327e-08
1.688374240416124e-08
1.9059209068115835e-08
2.2749594842861953e-08
2.2197147865808475e-08
2.7882442767333615e-08
2.8986728192340446e-08
2.958887636493403e-08
3.405355718046264e-08
3.4038656591763224e-08
3.2587265203736545e-08
3.575910412223493e-08
3.496365406720413e-08
4.187590414111193e-08
4.739023446680741e-08
5.018150466591058e-08
5.914477720279722e-08
7.540817240477996e-08
1.3312963531575406e-07
1.5407405231014438e-07
1.864289071055022e-07
2.3167145306907904e-07
2.8891860434246806e-07
3.5737276959935116e-07
4.1287295208089094e-07
4.3392991447685094e-07
4.97474969409138e-07
5.486588016927791e-07
5.790906608841137e-07
6.022564532161465e-07
6.200182026207455e-07
6.46504312434055e-07
6.631482278862677e-07
6.790154754656084e-07
6.9024209129306e-07
7.154129012373492e-07
7.356064121008135e-07
7.544189283440314e-07
7.827680812105038e-07
8.519257578752461e-07
9.207913486924164e-07
1.0027745085088618e-06
1.0782549679788644e-06
1.1769647747834305e-06
1.2836728241641789e-06
1.3957981244467582e-06
1.483772166466224e-06
1.5679389662182075e-06
1.6725629978152159e-06
1.8005715024368589e-06
1.9153423116741967e-06
2.023543304728394e-06
2.28031433380238e-06
2.5431916615811393e-06
2.860201123309837e-06
3.1955602740449e-06
3.5410126721607023e-06
3.9687778163559936e-06
4.427225998629833e-06
4.903564104097313e-06
5.449328714998306e-06
6.233459251754019e-06
7.1635721334522325e-06
8.259631808219378e-06
9.145388438420404e-06
1.0479684598457034e-05
1.2147627135813569e-05
1.3882027035703817e-05
1.5107018823203231e-05
1.6454656490947984e-05
1.7071277138061953e-05
1.8287069906364195e-05
1.88550050855459e-05
1.8925409312942067e-05
1.8753084987110924e-05
