max:2005
min:1875
1.694454709877391e-06
1.6591454141234863e-06
1.6625957262779896e-06
1.6432296336331222e-06
1.5611304888807354e-06
1.5284658892206998e-06
1.5403245632634416e-06
1.4978112241286517e-06
1.4426725069175258e-06
1.3688567313303274e-06
1.327025545703821e-06
1.2648299291738243e-06
1.2290915947232861e-06
1.1863837049272012e-06
1.1654011099640878e-06
1.138875964962998e-06
1.1291091936982411e-06
1.0809707029173815e-06
1.0429678322257781e-06
9.94552920019487e-07
9.618809144740226e-07
9.326934917096099e-07
9.476692395894913e-07
9.244854725563658e-07
9.060099241001549e-07
9.094391657527012e-07
8.866307764167556e-07
8.892486675904365e-07
8.540333088343946e-07
8.034071713934412e-07
7.578800104316283e-07
7.319585750207937e-07
7.089874348561612e-07
7.157499908316822e-07
6.732758817763949e-07
6.545953640722603e-07
6.459780479417532e-07
6.319926748281952e-07
6.282801012145813e-07
6.167744248029651e-07
5.881646123790623e-07
5.768122020656717e-07
5.54246042838713e-07
5.499601383819806e-07
5.552163437576902e-07
5.615277578791782e-07
5.471746403275444e-07
5.79804468056214e-07
5.904753420184404e-07
6.213117395808305e-07
6.276030798549723e-07
6.396058600850145e-07
6.413827934790919e-07
6.633888623192823e-07
6.384336919446858e-07
6.459548883088116e-07
6.227487168481665e-07
6.399374115062528e-07
7.305401205875179e-07
7.272895134389858e-07
7.41031426189563e-07
7.538413667264519e-07
7.452364424612565e-07
7.553516801246068e-07
7.213710172696405e-07
6.296221256109545e-07
6.471704279777311e-07
6.349600312205439e-07
6.444880276441316e-07
7.550491269674759e-07
7.814252610062664e-07
8.424831077848336e-07
8.82345204900048e-07
8.606199100670762e-07
8.550182428734843e-07
8.622156834852441e-07
7.778497937189448e-07
7.976644350752135e-07
7.834999564693135e-07
7.882870087476996e-07
8.965919359330396e-07
9.103340192138733e-07
9.287079478781379e-07
9.421792047500535e-07
9.451096047996543e-07
9.745025652461794e-07
9.890537496305894e-07
9.63084590109377e-07
1.0077570047022682e-06
1.0274990976150938e-06
1.060627904995012e-06
1.1136400774246015e-06
1.1320362481066176e-06
1.172899162936249e-06
1.23592613882855e-06
1.311246575953971e-06
1.4449555497516746e-06
1.6079590068329708e-06
1.7631177148099856e-06
1.929257450683508e-06
2.2226190432255474e-06
2.5224955899310383e-06
2.867900060924252e-06
3.2256814717714277e-06
3.642925126509259e-06
4.230029162499704e-06
4.931298235533177e-06
5.690220405085711e-06
6.587702176018086e-06
7.643995559192263e-06
8.896291806844861e-06
1.0367978055520715e-05
1.2036765123671753e-05
1.4076779734750744e-05
1.6377807696699165e-05
1.9222562903970747e-05
2.2432778938049785e-05
2.574610620545822e-05
2.9118490731759395e-05
3.2659133596877966e-05
3.5861476655035017e-05
3.87679421172444e-05
4.103937369239118e-05
4.267176076869613e-05
4.4621270977326534e-05
4.5768682217125646e-05
4.6825614325436095e-05
4.801693337088052e-05
4.84951609299363e-05
4.903870139969513e-05
4.99707784911152e-05
