max:2000
min:1950
3.844987759293872e-07
3.895700160683191e-07
3.9635130614594044e-07
4.0617361004738737e-07
4.127617541728666e-07
4.1180206267199537e-07
4.0806632942543987e-07
4.0613198036356023e-07
4.011870130073346e-07
3.876643899859898e-07
3.7755847870357684e-07
3.885846240336832e-07
3.8319611154033086e-07
3.819208822213633e-07
3.843063122336129e-07
3.9531511626072255e-07
4.0735867758355327e-07
4.2185770407091437e-07
4.2214364676900526e-07
4.534401227829221e-07
4.980615650700721e-07
5.451913003590951e-07
5.770440217085187e-07
6.043942895368153e-07
6.304718088553532e-07
6.608860465868409e-07
6.83791906145156e-07
6.841310096206143e-07
6.745628167794036e-07
6.761643882262953e-07
6.869056749435134e-07
6.924593175686564e-07
6.995277479810673e-07
7.090059658107098e-07
7.305072894528816e-07
7.45536486387469e-07
7.600149193162256e-07
7.727349985283841e-07
7.808851673222048e-07
7.878864088135222e-07
7.875436673592568e-07
7.901237089364648e-07
8.011464192999743e-07
8.01232748212247e-07
8.158736558730848e-07
8.274219567283581e-07
8.415584115287597e-07
8.593390004664668e-07
8.632586438276727e-07
8.680971291141759e-07
8.880126074473083e-07
