max:2005
min:1865
7.840060061425902e-05
7.654230867046863e-05
7.5446490275984e-05
7.589966428765495e-05
7.235560042317957e-05
7.005606832015994e-05
6.816945512712534e-05
6.743253574573569e-05
6.559814002165305e-05
6.351763762982696e-05
5.932930850706596e-05
5.8373198303992725e-05
5.784097811556421e-05
5.7768568824810374e-05
5.5944549655708086e-05
5.5938848942917373e-05
5.5152151617221534e-05
5.65213371633685e-05
5.494156045772668e-05
5.326297157028291e-05
5.159927189067405e-05
5.0992933081163627e-05
4.966730817354151e-05
4.834739593206905e-05
4.636517093916025e-05
4.610783279141677e-05
4.6391917359349986e-05
4.4330698853757766e-05
4.3388704008456056e-05
4.2190561673903305e-05
4.124053053341673e-05
4.1617564420448616e-05
4.126613826623985e-05
4.086566176348632e-05
4.112953683943488e-05
4.096412521903403e-05
4.134285440419002e-05
4.184224651128586e-05
4.0000906925083e-05
3.8989135126550014e-05
3.699474369308778e-05
3.589272403457601e-05
3.412953914708591e-05
3.14163371513132e-05
2.9451409188498345e-05
2.736532613718217e-05
2.5568456424350317e-05
2.3461130954923908e-05
2.0993898293194695e-05
1.927588073158404e-05
1.7985838245035018e-05
1.6367744137824047e-05
1.558595262654957e-05
1.4735290278622415e-05
1.4505200462216245e-05
1.511915369129773e-05
1.589592219326213e-05
1.72289783222368e-05
1.8386826533450013e-05
1.9917901876656936e-05
2.0823222777315615e-05
2.1904669795601096e-05
2.189323484864352e-05
2.1284658162455473e-05
2.0378570687691016e-05
2.010147727560252e-05
1.8841547508990126e-05
1.8515926577882575e-05
1.779492647204149e-05
1.7140578945275464e-05
1.7073538531674005e-05
1.6739922362570985e-05
1.6041127959657126e-05
1.5081267520145047e-05
1.391888222964813e-05
1.294450378606728e-05
1.236608074707744e-05
1.1247263630918627e-05
1.0897841743176936e-05
1.0547803347955259e-05
1.0895790962552252e-05
1.0904887728559385e-05
1.1663226359814871e-05
1.2019969030266761e-05
1.3523217343650426e-05
1.4014817809636173e-05
1.3880203109043318e-05
1.3932958868930914e-05
1.401297257481409e-05
1.354904335520197e-05
1.3275997454391992e-05
1.1754692812766215e-05
1.0885972447535355e-05
1.1025302878156903e-05
1.0995379722901686e-05
1.157088575252731e-05
1.1717586988067654e-05
1.266800427401904e-05
1.3490471116840905e-05
1.4459753141896467e-05
1.5510339056033574e-05
1.5782920464906575e-05
1.532146000369851e-05
1.5216002144110721e-05
1.393910016694073e-05
1.2915054477551685e-05
1.1967827049375046e-05
1.0299801488145022e-05
9.212339916432808e-06
8.260488617192355e-06
7.319954355417784e-06
6.972522247191851e-06
6.494638910226058e-06
6.1267132878128905e-06
5.742385058381062e-06
5.502723784697342e-06
5.3851042918852595e-06
5.156425231689354e-06
5.018837133060775e-06
4.9375628025570355e-06
4.76736542103546e-06
4.842923057627299e-06
4.785086535516062e-06
4.735649326903513e-06
4.734522333040202e-06
4.7095049272424405e-06
4.716227002583244e-06
4.708619014439007e-06
4.878544911792103e-06
4.912920563323756e-06
5.054755287606635e-06
5.362557463480958e-06
5.759512922460479e-06
6.065474995661394e-06
6.135456974984013e-06
6.553852602207501e-06
7.307161143087017e-06
7.740180405692496e-06
7.922706799945445e-06
7.980217469594209e-06
8.294964118249482e-06
