max:2015
min:1885
5.841074637857879e-10
5.774620615017767e-10
1.769778161982612e-09
1.6709960756359062e-09
1.758625741064636e-09
1.5141395795900285e-09
1.8549995864766293e-09
1.9128361751695267e-09
2.075266196983299e-09
1.789440801885129e-09
1.937215974935823e-09
1.8247523293966695e-09
1.965933380373589e-09
1.6593337656293068e-09
1.5738941578596106e-09
1.3842564435976153e-09
6.958251395707191e-10
4.103570776831893e-10
1.0845649616492941e-09
1.0035931926769388e-09
9.83804268209606e-10
1.0869304345462183e-09
1.7867169767514314e-09
1.7346855261747761e-09
1.7706607569056843e-09
1.1772967957655668e-09
1.1966987519976664e-09
1.291734259239214e-09
1.3379491720882137e-09
6.422206932921171e-10
6.85187379056984e-10
8.760445583241453e-10
9.308861023285938e-10
9.46902052799205e-10
8.508934767099368e-10
7.896503074438549e-10
7.341027290021427e-10
1.988439530095246e-09
1.9551623395682884e-09
1.8521993363654739e-09
2.2589705879681533e-09
2.7024634276427507e-09
2.6359558186988305e-09
5.709598999941485e-09
4.50220475186772e-09
4.421605399278812e-09
4.352030402721141e-09
4.321400079046864e-09
4.062477846186344e-09
4.126250706195021e-09
1.179294114742443e-09
1.1305569892959356e-09
1.3849149208386029e-09
1.7568338609283023e-09
1.3797110041759352e-09
1.5984806573625982e-09
1.6180079260535202e-09
2.510317525279098e-09
3.594688515105661e-09
3.51788966211432e-09
3.841808141455008e-09
4.722668208881739e-09
4.778098091787594e-09
4.9819986231674255e-09
4.2217061116797285e-09
3.4361305388332296e-09
3.601351328264002e-09
4.232603965727475e-09
3.973045115124307e-09
6.164730456273812e-09
9.343233250572576e-09
1.2890552498439384e-08
1.5866720667493236e-08
1.9663110822116485e-08
2.403247334470393e-08
2.831226554787593e-08
3.139759867971341e-08
3.428709811308701e-08
3.550488588846942e-08
3.6733649518997224e-08
3.937732679608936e-08
6.315550444518131e-08
8.048397910036848e-08
1.2577075178147164e-07
2.197542059434454e-07
3.5681071557697966e-07
5.72603844212998e-07
7.755703908937253e-07
9.167905221017593e-07
1.004184858694706e-06
1.0438924716384333e-06
1.034903131572459e-06
9.88380756033231e-07
8.478331372836172e-07
7.265684627912248e-07
6.483331195080869e-07
6.341601955942419e-07
6.186191723957433e-07
6.047262104402762e-07
5.820724595650972e-07
5.81366602351149e-07
5.684752051950324e-07
5.370942192582464e-07
5.004881172356233e-07
4.829563766049562e-07
4.5436811189704584e-07
4.3340591966105943e-07
4.0702929433272015e-07
3.8118428489854394e-07
3.6974159911551396e-07
3.6112355214105006e-07
3.5757494742938434e-07
3.5946623354123274e-07
3.8196375027967277e-07
3.8710280948959864e-07
3.9413921675597e-07
4.033994563152581e-07
4.103888581344758e-07
4.1018399445290144e-07
4.2845512179415633e-07
4.209645477918197e-07
4.3071608502032177e-07
4.320390587508882e-07
4.336467814677495e-07
4.3040058374442326e-07
4.3220539477520757e-07
4.1284804248269733e-07
4.10352421502986e-07
3.997883245195529e-07
3.9821418909014026e-07
3.918862461205208e-07
