max:1990
min:1920
1.53577813577499e-07
1.647766580958887e-07
1.8293165382488041e-07
1.699346532697226e-07
1.9510762224886742e-07
2.598808345664695e-07
3.0390714402171527e-07
3.292265670243718e-07
5.050292598087123e-07
9.96399055200722e-07
2.2946703889406957e-06
4.278179375205582e-06
5.658854519197121e-06
7.343536903395684e-06
9.08244950486343e-06
1.221323577738076e-05
1.6271852343509507e-05
2.0298553083973404e-05
2.5387291836003506e-05
3.0683344708190165e-05
3.428453055676073e-05
3.730575891885175e-05
3.743199756302472e-05
3.705842469311652e-05
3.6049306800123304e-05
3.155316179410355e-05
2.7390683888890116e-05
2.3873037597305874e-05
2.0691524956159162e-05
1.9234720639360603e-05
1.6906290771398096e-05
1.4292763548188045e-05
1.3118339406251575e-05
1.2157560766874148e-05
1.1704376967307845e-05
1.1323859065929095e-05
1.0517721161055046e-05
1.0455053727907528e-05
1.0313557140761986e-05
1.0757152917254384e-05
1.0432115362034113e-05
1.0686910562591428e-05
1.0931046355316149e-05
1.1292060012887564e-05
1.0845732763950114e-05
1.0828280470117793e-05
1.0441664276835841e-05
1.0677634106416787e-05
1.0474986343719398e-05
1.0313339251817005e-05
1.0172407590809079e-05
1.0015730627596245e-05
9.651457600869304e-06
9.429775803125398e-06
9.084327237880124e-06
8.92396422256882e-06
8.789450865671305e-06
8.413563981386168e-06
8.314182066117479e-06
8.17215368442703e-06
8.115080553190118e-06
8.004493208448236e-06
8.024126340647594e-06
7.893666731563695e-06
8.021853903171308e-06
8.06036385776159e-06
8.54134948115513e-06
9.27906285141944e-06
9.567418298198996e-06
9.695186781755183e-06
1.0174789167649578e-05
