max:2010
min:1935
1.1650804904173029e-09
1.349837586150926e-09
1.1994660450061663e-09
1.1314245651483645e-09
1.2509273141146439e-09
1.1974655870058574e-09
1.0462665337282066e-09
9.062149840057186e-10
9.546444032107866e-10
1.269769416596083e-09
1.4519303775146447e-09
1.4358341341288598e-09
1.6910493481704846e-09
1.9274541962488456e-09
2.131234101897052e-09
1.832644393383122e-09
1.5794649873715878e-09
1.383459965634667e-09
1.4664060362815486e-09
1.4888744126473341e-09
1.3819032188397022e-09
1.2095496905649229e-09
1.5977140642244235e-09
1.7322354503182931e-09
1.986705450945132e-09
2.059905246376559e-09
2.312706740400675e-09
2.194853759058495e-09
2.177164448724511e-09
1.8178024561800653e-09
1.6412767732200605e-09
1.5819573032490756e-09
1.5019688746699599e-09
1.4981120867650434e-09
1.5098368190612023e-09
1.7338046791921207e-09
1.997611774408524e-09
2.46841350534258e-09
2.419519045433154e-09
2.527648392179417e-09
2.4104831305596772e-09
2.4733918405469726e-09
2.2333189028270593e-09
2.1097898111095095e-09
1.7947463436053722e-09
1.894480580347643e-09
2.005259934291713e-09
1.6423662350741252e-09
1.7258064897797608e-09
1.9647238756549866e-09
1.9814000281773556e-09
1.8797325600823048e-09
2.0405377704995384e-09
2.3845345063579414e-09
2.9749429110635462e-09
3.650696427699123e-09
4.812639001602495e-09
6.001847764812242e-09
7.4886496369077e-09
9.159616811059225e-09
1.0883073490016874e-08
1.3160635438578896e-08
1.5523806240480553e-08
1.8746227046863495e-08
2.1334408779288035e-08
2.4085730996960464e-08
2.9004568144078543e-08
3.263342916527888e-08
3.601526695920906e-08
3.988540875354829e-08
4.313128368746025e-08
4.868577820259036e-08
5.349047376463594e-08
5.413847503632496e-08
5.64020169235846e-08
5.9269311236676003e-08
