max:2010
min:1895
1.6088992538243474e-07
1.603214144552112e-07
1.6500518285056387e-07
1.658747318547934e-07
1.673828324198569e-07
1.725596742322263e-07
1.8281928199875048e-07
1.877731697114931e-07
2.0034078878390054e-07
2.1091716462251497e-07
2.1974410101068186e-07
2.2575419628927712e-07
2.3933820817286945e-07
2.463013726940387e-07
2.6127040289988403e-07
2.665509534998429e-07
2.691036330913578e-07
2.7473865519108844e-07
2.8063836664062235e-07
2.8354198125920706e-07
2.8886312618072096e-07
2.937594639921112e-07
3.0004848180656805e-07
3.2372054598844055e-07
3.5229416539550584e-07
3.9067365621901574e-07
4.0460247419105144e-07
4.753699118152456e-07
7.939595028411921e-07
8.470793285856157e-07
8.886551776348435e-07
9.538330841353724e-07
1.0876458864978694e-06
1.1651568781547082e-06
1.1614033204360957e-06
9.102501914120304e-07
9.216954107874439e-07
1.0114575031496185e-06
9.836568649136877e-07
9.301761565438937e-07
9.647314413996355e-07
1.0131857948181278e-06
1.2416992620144031e-06
1.318684561673373e-06
1.306225458717693e-06
1.3663704001893556e-06
1.318630138160058e-06
1.2723807815616186e-06
1.2739680284669573e-06
1.1657545623425643e-06
1.0889979599986482e-06
1.0982590034862888e-06
1.0483139232876835e-06
1.0870398422671964e-06
1.1102288957382761e-06
1.13495821908925e-06
1.091425433839634e-06
1.1821764961236373e-06
1.2115830746292237e-06
1.3149211944047629e-06
1.45829423152983e-06
1.69594742211692e-06
1.7949489574675681e-06
2.0263260499372597e-06
2.2108832808953593e-06
2.371765633922353e-06
2.5242440772542196e-06
2.685880969823172e-06
2.7497862577417564e-06
2.9039677948666006e-06
2.974718946851291e-06
3.0907333114425583e-06
3.2320049285772257e-06
3.3687731826960643e-06
3.4884752234834844e-06
3.565376411123517e-06
3.6508248025971364e-06
3.697109670091387e-06
3.7292506606588305e-06
3.6795354065231678e-06
3.665067262253225e-06
3.5468464635154566e-06
3.526645676694378e-06
3.476935424779575e-06
3.403267295912623e-06
3.3032305769406127e-06
3.256749518446408e-06
3.180764062043246e-06
3.163121294034811e-06
3.0605564071655474e-06
2.98641495127023e-06
2.8811543870688183e-06
2.847386148070135e-06
2.8315769863443814e-06
2.8118623244414006e-06
2.7557438703037666e-06
2.781044713628944e-06
2.7430142576382162e-06
2.7788601398372393e-06
2.8414044988624354e-06
2.852109836177468e-06
2.923006442350535e-06
2.9957221678549625e-06
3.0084226442081023e-06
3.0763774248043774e-06
3.1200978745411182e-06
3.1250073594232423e-06
3.2061794042549863e-06
3.2194941468333127e-06
3.203754204150755e-06
3.22020939945235e-06
3.27344329369745e-06
3.3630634724041945e-06
3.3768487810448278e-06
3.347610891069053e-06
3.3415695384064747e-06
