max:2010
min:1880
6.840684091002913e-05
6.652995143667795e-05
6.436555486288853e-05
6.275639472213308e-05
6.106098226155154e-05
5.529349021214459e-05
5.428236545412801e-05
5.3009483963251114e-05
5.200508842660513e-05
5.145776750785964e-05
5.0624735324942905e-05
5.089305133359241e-05
4.992987149827448e-05
4.9531128752278164e-05
4.7778563124925964e-05
4.62173910429036e-05
4.632123402968448e-05
4.5875601374843556e-05
4.499310099553051e-05
4.511394009958687e-05
4.39420691691339e-05
4.4369083687862645e-05
4.42930130312951e-05
4.3021425621451014e-05
4.2421644528595994e-05
4.21563937769471e-05
4.207320099729779e-05
4.171074033365585e-05
4.0134892645125676e-05
3.9139104046626016e-05
3.802935108459289e-05
3.707385777878309e-05
3.542554103270439e-05
3.3743960167547425e-05
3.262228347011842e-05
3.171128004656306e-05
3.08172657241812e-05
3.006747725261708e-05
2.9202116430886755e-05
2.9168998870383283e-05
2.8837029926112985e-05
2.874944922431106e-05
2.8861662680615803e-05
2.926766371404353e-05
3.0017466217811618e-05
3.053332433669961e-05
3.068597912455776e-05
3.0605847184363354e-05
2.976720108043602e-05
2.9093427136623567e-05
2.861976073680645e-05
2.730797833854532e-05
2.6256222034654847e-05
2.552310590025237e-05
2.4743685831448863e-05
2.491619332951294e-05
2.4262063171980636e-05
2.3602061316653688e-05
2.2807248959517373e-05
2.272663212871911e-05
2.20916278651982e-05
2.198857873736415e-05
2.12267623282969e-05
2.19524738765488e-05
2.2024875371633762e-05
2.282854256918654e-05
2.2224520112753714e-05
2.2750839759412755e-05
2.3193209926830605e-05
2.377263912681623e-05
2.3485857517308822e-05
2.3448439605999738e-05
2.3390230905663755e-05
2.4843546530714127e-05
2.4712661408037612e-05
2.4744930799767773e-05
2.4362554800713303e-05
2.4404806026723236e-05
2.4601446317059788e-05
2.478715084310222e-05
2.4252602088381536e-05
2.4226045362801024e-05
2.3972725362649987e-05
2.425205405285981e-05
2.4258162998843807e-05
2.443988757607128e-05
2.407366238393089e-05
2.450920692353975e-05
2.4670205675647594e-05
2.469991133174127e-05
2.45804125630197e-05
2.462041032101427e-05
2.4642661758532214e-05
2.4776519109894123e-05
2.4049257522814776e-05
2.3955632319224867e-05
2.4272305121745114e-05
2.4708423682438608e-05
2.5377326632483994e-05
2.5803541575442068e-05
2.6504038812293273e-05
2.7491613634213407e-05
2.8130312784924172e-05
2.9040907975286245e-05
2.9946900083034832e-05
3.08396847685799e-05
3.150843466365976e-05
3.2274888975994796e-05
3.346110289775035e-05
3.526640440603452e-05
3.676086271298118e-05
3.8545593789811914e-05
4.002372796613989e-05
4.2712121545004523e-05
4.5279705123643256e-05
4.777216599904932e-05
4.987713327864185e-05
5.302262382299107e-05
5.618376910985846e-05
5.928702375967987e-05
6.256660240718961e-05
6.720267317307713e-05
7.14010046587126e-05
7.59640388423577e-05
7.918955504594903e-05
8.285745674844034e-05
8.865236824411633e-05
9.534565262064072e-05
9.713499700107302e-05
9.954119886970147e-05
0.0001022089745674748
