max:2005
min:1935
1.6293885907181505e-08
1.4324854546998722e-08
1.337743382734402e-08
1.4446430210820641e-08
1.418671922794244e-08
1.307581179840359e-08
9.912083852116536e-09
1.112231113558388e-08
1.2003143621898614e-08
1.3064340847230532e-08
1.1904916290867667e-08
1.3530808093012832e-08
1.299093061695495e-08
1.3160902082428753e-08
1.6009003012129597e-08
1.7252518778678094e-08
2.007066018145614e-08
2.0257571747046247e-08
2.0774177172151146e-08
2.2197216636194687e-08
2.320855431646253e-08
2.918927474330043e-08
2.958448521082703e-08
2.6541728307246818e-08
2.731249182374995e-08
2.7382671368465187e-08
2.866391467039518e-08
3.20803394008148e-08
2.6717383099545648e-08
3.0480218476165126e-08
3.627235654692283e-08
3.906006185161459e-08
4.210615805228761e-08
4.57801958881581e-08
5.2550805358058435e-08
5.980284914893933e-08
7.733054323872629e-08
1.006754430932233e-07
1.4512925413815276e-07
1.9878378663763995e-07
2.8070777651529557e-07
3.599056717413467e-07
4.45310230848658e-07
5.243731838585777e-07
5.955823902630592e-07
6.711085315406049e-07
7.477464123439859e-07
8.037811280051496e-07
9.246813874597137e-07
9.948940211350937e-07
1.0495115085567314e-06
1.104837386784701e-06
1.130956499244868e-06
1.1770587369548075e-06
1.2128638705429954e-06
1.2204669376712575e-06
1.279803200304741e-06
1.3848307227298001e-06
1.4550989005458957e-06
1.5726308869748858e-06
1.6268212773086686e-06
1.7073886705735016e-06
1.711738020406171e-06
1.751430204421922e-06
1.729173407381625e-06
1.779678866244337e-06
1.829466214076092e-06
1.9046264339652095e-06
1.916396342949156e-06
1.9854991705869905e-06
2.014436518038565e-06
