max:2000
min:1925
1.751831035790019e-08
1.9315746513370868e-08
2.3501928403391048e-08
2.4343712569572873e-08
2.7426045688473877e-08
3.085003947538618e-08
3.592594919967139e-08
3.931723492809981e-08
4.358554254021588e-08
5.290213422881607e-08
6.39264367155842e-08
7.196526600036382e-08
7.932262542047803e-08
7.971593366359489e-08
8.465311651661978e-08
8.628367962972203e-08
7.880099315928288e-08
7.326980063940677e-08
6.899176696606446e-08
6.853439060705568e-08
6.844489622689512e-08
6.445071574847003e-08
6.537564648364683e-08
6.442640199111338e-08
6.05387531850608e-08
5.954666398062207e-08
5.7208556114574094e-08
5.963606243751331e-08
6.267871555110105e-08
6.228253925298435e-08
6.978517979356574e-08
7.685948284168781e-08
8.012283509677737e-08
8.207452850683694e-08
8.110604962244647e-08
7.93480440717888e-08
7.942268151087514e-08
7.368522452517417e-08
7.242794351571189e-08
7.469171643086675e-08
7.303432779183692e-08
7.432135313527916e-08
7.366839126023348e-08
7.226646405099149e-08
7.170435724544535e-08
7.01227693054664e-08
7.679775291892708e-08
7.682180174534941e-08
8.12997719939241e-08
8.860180398885729e-08
1.0433636177253902e-07
1.1684613403823668e-07
1.2799616655456703e-07
1.2897859136273837e-07
1.401787628196871e-07
1.4739768415341003e-07
1.5678333958086504e-07
1.6198502399739872e-07
1.7238734934770556e-07
1.8502386873413862e-07
1.9316705593804988e-07
2.057110017566239e-07
2.147310738109809e-07
2.1769587021935877e-07
2.17122852015044e-07
2.1379026244565986e-07
2.1041215550862295e-07
2.3537954721827452e-07
2.3135576806713028e-07
2.3575107174370453e-07
2.4428841324411875e-07
2.5138199077900936e-07
2.565237947140174e-07
2.6375446064245506e-07
2.397135432374853e-07
2.4835412304469173e-07
