max:2005
min:1920
0.0
0.0
0.0
0.0
0.0
0.0
0.0
0.0
0.0
0.0
0.0
0.0
0.0
0.0
0.0
0.0
0.0
0.0
0.0
0.0
0.0
0.0
0.0
0.0
0.0
0.0
0.0
0.0
0.0
0.0
0.0
0.0
0.0
0.0
0.0
0.0
0.0
0.0
0.0
0.0
0.0
0.0
0.0
0.0
0.0
0.0
0.0
0.0
0.0
0.0
0.0
0.0
0.0
0.0
0.0
0.0
0.0
0.0
0.0
0.0
0.0
0.0
0.0
0.0
0.0
0.0
0.0
0.0
0.0
0.0
0.0
0.0
7.267478682341074e-11
1.03330976711621e-10
2.829014145960025e-10
3.4982636430504396e-10
3.798376236557084e-10
4.6198975002718715e-10
5.389980465921238e-10
5.024619629098329e-10
5.014742490308929e-10
3.557159903934602e-10
3.655124318292989e-10
3.914180345584069e-10
3.5468866455001803e-10
3.0859631169888324e-10
