max:1990
min:1865
4.028306133108117e-08
3.7774890415676056e-08
3.6236283899408285e-08
3.7081134861084915e-08
3.6327165783437265e-08
3.7681529261947485e-08
3.4395456895351476e-08
3.3973276255697526e-08
3.4840599231042036e-08
3.4548030468174925e-08
3.421714543451669e-08
3.473011008939661e-08
3.325431841005866e-08
3.425164634458204e-08
3.4455909110014156e-08
3.338065544612943e-08
3.458113237034663e-08
3.280764815372095e-08
3.134066212900117e-08
3.0026582109599076e-08
2.903464846326642e-08
2.6832625264562793e-08
2.6706388719536075e-08
2.4365284139500025e-08
2.510187790960572e-08
2.4382835560134353e-08
2.421711542410776e-08
2.3217550295027778e-08
2.3144675509456647e-08
2.234947414438336e-08
2.2964703408742286e-08
2.1609317763753618e-08
2.1704638848112675e-08
2.293213771257082e-08
2.4481229234295043e-08
2.3454092763180208e-08
2.4022367840968528e-08
2.4065523922851232e-08
2.302143491712221e-08
2.1860316096982453e-08
2.0791039112566523e-08
1.823894597257387e-08
1.709186849195378e-08
1.5423038084756106e-08
1.3519954552724097e-08
1.2756563551517632e-08
1.2633605907451186e-08
1.0823826089380515e-08
1.020965439175419e-08
1.0429025833401186e-08
9.710478516516169e-09
1.0113180134599783e-08
1.0652997975820914e-08
1.0511981888125125e-08
1.08621907024542e-08
1.1403778175735267e-08
1.1655278837301758e-08
1.2520421144301963e-08
1.2980323863384261e-08
1.2410759150530533e-08
1.2142163338272179e-08
1.2876190907158097e-08
1.2385889520365773e-08
1.1661717306107481e-08
1.1366825195377065e-08
9.98379131747892e-09
1.059119763319976e-08
1.0201042360031515e-08
9.762760821985239e-09
9.76813290571548e-09
9.504548513307652e-09
9.332068451328723e-09
9.646407482323736e-09
8.900304620291471e-09
9.279409685092332e-09
8.51406405694937e-09
8.149594396148326e-09
7.823331633310154e-09
7.34936543368901e-09
7.473459438602146e-09
6.9539704153750594e-09
6.809104327995133e-09
7.224219127672476e-09
7.095405977050209e-09
7.782539247967537e-09
7.985930393163341e-09
7.76974865398675e-09
8.234304857016435e-09
8.399112960688626e-09
7.987750461069254e-09
8.196583475442561e-09
7.693632905362132e-09
7.545789707360688e-09
7.12358838583782e-09
6.866456990297008e-09
6.555865310937341e-09
6.608443570144118e-09
6.3889812170917335e-09
6.4601221515049795e-09
6.5875967538074425e-09
7.082658650046727e-09
7.185700352201658e-09
7.0320089433956974e-09
6.608059306094966e-09
6.579459009360887e-09
6.496531439787694e-09
6.193064473945599e-09
6.020417751630345e-09
5.857810617523487e-09
5.6292496378570635e-09
5.899292229319794e-09
5.679120412034016e-09
5.231842895422492e-09
5.026961957810272e-09
4.604996574540467e-09
4.176069934302973e-09
4.267985615718268e-09
4.008124150039245e-09
4.035380379059055e-09
3.99360078340294e-09
4.034260449513129e-09
3.881546544499364e-09
3.894160739901866e-09
3.7303421092834315e-09
3.7066917535355514e-09
3.4753488975525215e-09
