max:2000
min:1945
5.726668632632936e-06
5.694363699149107e-06
5.673189131509086e-06
5.6718200279906994e-06
5.703377415297187e-06
5.669194316786681e-06
5.6650302602585204e-06
5.608785094019757e-06
5.5843727620543045e-06
5.5186137615237385e-06
5.450908247439656e-06
5.342734246888929e-06
5.250522657921205e-06
5.1201914824819795e-06
5.053388252105963e-06
4.9535209914860645e-06
4.888162753299444e-06
4.8173533936538405e-06
4.768682434327534e-06
4.752028092168205e-06
4.793559063338242e-06
4.813183035626675e-06
4.835068856274509e-06
4.8009715750855065e-06
4.7656133444564015e-06
4.697527596623072e-06
4.6485031037134054e-06
4.513983055533442e-06
4.374144412265325e-06
4.24890159982689e-06
4.198249501184494e-06
4.133590599459629e-06
4.12164893402535e-06
4.081949490292962e-06
4.09325710799229e-06
4.149790973834959e-06
4.240194812155096e-06
4.285460298498427e-06
4.352676114649512e-06
4.402120599219675e-06
4.4466729117890025e-06
4.4978421880971704e-06
4.514449106604193e-06
4.5265958630937216e-06
4.541576735001789e-06
4.5579153525717885e-06
4.575358031745834e-06
4.580627254264462e-06
4.604441138716149e-06
4.6426879894819905e-06
4.668337559061391e-06
4.734587686730915e-06
4.866555562849888e-06
4.908520395474625e-06
4.977299067832064e-06
5.0354765335214324e-06
