max:1995
min:1945
2.3370389783394785e-06
2.3355033363259283e-06
2.3859729670524152e-06
2.6516224644573024e-06
2.904197620929543e-06
3.13085843117733e-06
3.148181609243953e-06
3.1031754588184413e-06
3.4930558610670104e-06
3.6206258105916537e-06
3.6572474592893352e-06
4.040606394742749e-06
4.864361147026232e-06
5.5947187190343224e-06
5.7326371266494136e-06
5.469324085944598e-06
5.492455914333862e-06
5.38925941587617e-06
4.9839070795444836e-06
4.300691216485575e-06
4.7196815233162075e-06
8.690085970946321e-06
1.2923597848514743e-05
1.7630076334691175e-05
2.322586783520819e-05
2.870496408442185e-05
3.3148034682588854e-05
3.43619651955253e-05
3.20089724742242e-05
2.900675073241083e-05
2.5435098645435312e-05
2.073132665308159e-05
1.6149967190618293e-05
1.226764223767012e-05
1.0718881510131593e-05
9.653950136063421e-06
9.189885661596367e-06
8.555754902772605e-06
8.156605157897242e-06
8.185581009456655e-06
8.174119037513655e-06
8.460315322216566e-06
8.358682147705362e-06
8.209652475800664e-06
8.329236347240762e-06
8.244121675358787e-06
8.051398058991513e-06
7.993088339779725e-06
7.529248099065929e-06
7.587737127323635e-06
7.598995352964266e-06
