max:1995
min:1950
1.2640109958717005e-08
1.1571718427916266e-08
1.1198423595833637e-08
1.0947923139476806e-08
1.088737893490637e-08
9.001324701480534e-09
1.0401657884224441e-08
1.1149484700569344e-08
1.1475599454818003e-08
1.2819127283490519e-08
1.2740396230067778e-08
1.3532314316730013e-08
1.2523909274721388e-08
1.1472739964395778e-08
1.1069837871754577e-08
1.0291740412274715e-08
8.758176279448954e-09
8.274809409109757e-09
8.009797904305418e-09
7.321331287256174e-09
1.6247733507818955e-08
1.6303816138421975e-08
1.706969505426465e-08
1.7197726607877584e-08
1.762452818608397e-08
1.738421400483097e-08
1.955208261961161e-08
1.0732052960601583e-08
1.2586778349746704e-08
1.2652636652684838e-08
1.3144791794721705e-08
1.4517315476731646e-08
1.5951946937978586e-08
1.5850844065872545e-08
1.6232332938110565e-08
1.6978643887658303e-08
1.783611924821571e-08
2.191099238554476e-08
2.4335899390897405e-08
2.8010532560074353e-08
2.8663185602795238e-08
3.016538815562139e-08
3.0396165077003645e-08
3.280239901926052e-08
3.118945599567269e-08
3.0216854796094594e-08
