max:1995
min:1915
1.0566401087430677e-07
1.1216822883852729e-07
1.2506125083670364e-07
1.401047719744903e-07
1.6329589413999201e-07
1.7910433923264334e-07
1.9510757454099803e-07
1.9884113352678208e-07
2.033328517622327e-07
1.9747803037262202e-07
1.8501404903353042e-07
1.714905307283386e-07
1.5997871319736339e-07
1.468954390507601e-07
1.40477183663279e-07
1.3331317510229773e-07
1.2953782605304047e-07
1.241889730100151e-07
1.1891674185043094e-07
1.1130901762206641e-07
1.0536000059703707e-07
1.0530828831178951e-07
1.0580314884529279e-07
1.058176520375907e-07
1.1336495069664515e-07
1.207204018019833e-07
1.3188018397970935e-07
1.371872114321247e-07
1.396396913021038e-07
1.4014535208519062e-07
1.4627293052983858e-07
1.3937874245227378e-07
1.359929921055222e-07
1.2963538052547718e-07
1.2701166696160726e-07
1.2484597432051358e-07
1.2597518710728245e-07
1.202963427918543e-07
1.20446630700956e-07
1.1856125021430281e-07
1.175621794199547e-07
1.1786695150054324e-07
1.1299899682626346e-07
1.0345867756151555e-07
9.28483240768076e-08
8.441173804385471e-08
7.611817766571351e-08
6.649632869734237e-08
5.782201485869466e-08
5.192818568795181e-08
4.857012316149069e-08
4.7584022309722836e-08
4.565959394702597e-08
4.2621627370311085e-08
4.1604320496649705e-08
4.122640819202518e-08
4.3952524159911784e-08
4.321616233125626e-08
4.2129544551374106e-08
4.134375889261069e-08
4.036371440260414e-08
4.040971290919515e-08
3.847217452549298e-08
3.43637869905576e-08
3.2912951855986905e-08
3.1057242618918024e-08
2.9983641474424464e-08
2.9239710335510997e-08
2.7868232673914202e-08
2.6766410294547834e-08
2.588275828583976e-08
2.5147295039979715e-08
2.536617290819062e-08
2.55310513048406e-08
2.5465107356126282e-08
2.463640263223559e-08
2.3898588758746494e-08
2.3315598087135314e-08
2.3261545578634468e-08
2.289015377243686e-08
2.1884895229362655e-08
