max:2000
min:1850
1.6891034404498129e-09
2.7162834870253507e-09
2.3225580717915286e-09
2.569876184870574e-09
3.0748947832393014e-09
3.5233652503511135e-09
3.6522579881039162e-09
5.819626606015252e-09
4.096203305119823e-08
4.103333025743236e-08
4.0820189419120215e-08
4.031517082075149e-08
4.0546656191306086e-08
4.019680363168529e-08
3.812287568167554e-08
2.049695262724376e-09
8.077143834725068e-09
9.137183478090196e-09
9.674923806546332e-09
8.432989405988372e-09
8.554197370288667e-09
2.2608014654812436e-08
2.321901553168994e-08
1.7108716935229244e-08
1.838507462143773e-08
1.796767937608682e-08
2.0228012475349237e-08
2.0268776661027032e-08
1.3682789540281348e-08
1.3132303550156266e-08
1.6447736601270842e-08
1.5134254199062573e-08
2.344039985922665e-08
2.7693496781492196e-08
2.778889583522824e-08
2.2947943053733662e-08
2.3670860065700642e-08
3.910751671704864e-08
3.939280673088368e-08
3.591261561146959e-08
3.244567383019005e-08
4.13071730471464e-08
4.087390286550934e-08
4.0115429430657e-08
2.7620486191854658e-08
2.685667191018989e-08
2.3189480407343714e-08
5.959758842782088e-08
5.174776642905396e-08
5.2462142796638744e-08
5.9187504928916364e-08
5.359395384628231e-08
5.5748447445682e-08
6.009585724291761e-08
3.055782427097142e-08
2.9576468956500028e-08
2.818675343923311e-08
4.585799746286463e-08
4.709054149795325e-08
4.595502708529661e-08
4.287667884231691e-08
3.324202208736844e-08
4.048841198819478e-08
3.953955315541943e-08
1.619923173379334e-08
1.7738725091983757e-08
2.5141539580378743e-08
3.2718527760116397e-08
3.528746330059919e-08
5.799229509305194e-08
6.461263143567716e-08
6.663566181381547e-08
1.0211706172721538e-07
1.0078932888291092e-07
1.305689494301987e-07
2.379653350560927e-07
2.1936939426885666e-07
2.1919933449307143e-07
2.6794241187693455e-07
2.4087069507215476e-07
2.380394771453861e-07
2.4110436872401155e-07
1.707982844680243e-07
1.8364159412190668e-07
1.981150248298036e-07
1.793569463107555e-07
1.8608599918122438e-07
2.521001383521642e-07
3.327267543389618e-07
4.551297588964839e-07
6.208726343207413e-07
8.547065927392136e-07
1.1054251883381636e-06
1.783401338733321e-06
3.287782338442672e-06
5.717071157310524e-06
8.44403593548902e-06
1.1650223866256835e-05
1.5028680763862212e-05
1.8301429788282674e-05
2.1728254588586943e-05
2.393855720583815e-05
2.5074677978409454e-05
2.6579037564390872e-05
2.697024995411214e-05
2.772632537276617e-05
2.789808604575228e-05
2.7458869746104548e-05
2.7733490891737995e-05
2.8635775899082156e-05
2.9498316247814467e-05
3.157210059206201e-05
3.3283580445900694e-05
3.577381072058675e-05
3.752256140744846e-05
3.861882162579734e-05
3.8881253463582e-05
3.8359128146631906e-05
3.8740669489405786e-05
3.7768444599350914e-05
3.5422879851207e-05
3.374290021643641e-05
3.219959216949064e-05
3.0512727140116374e-05
2.8678113137305316e-05
2.5380204793431665e-05
2.3268083948226247e-05
2.2742407184393543e-05
2.253567773940241e-05
2.2517058563867715e-05
2.293585488847124e-05
2.3824205137706095e-05
2.4494245215984328e-05
2.5040726021481013e-05
2.5439862708611016e-05
2.5844433496656294e-05
2.5848212577069978e-05
2.5590563382138498e-05
2.5410052070843187e-05
2.5478062785363625e-05
2.4983110571546213e-05
2.428508586100569e-05
2.3953107821788372e-05
2.3515194698120467e-05
2.3315026347907925e-05
2.3088220976725487e-05
2.2678777375923736e-05
2.2628750489924903e-05
2.2843669285066426e-05
2.2346037803799844e-05
2.2401337901101215e-05
