max:2000
min:1900
1.568437369314779e-05
1.5117645489226561e-05
1.471394762120326e-05
1.4052758160687517e-05
1.2527413673524279e-05
1.2163450004923756e-05
1.1375017363336934e-05
1.1269811563709351e-05
1.108379560069547e-05
1.0639963355580611e-05
1.0528712534453786e-05
1.029670979083416e-05
9.607028979579419e-06
9.149357213443312e-06
8.25396741025283e-06
7.385671844011605e-06
6.7570962138623666e-06
6.31933991306661e-06
5.952841872515689e-06
5.742214073377129e-06
5.754491342356362e-06
5.8398307893574904e-06
6.0584285555315935e-06
6.400595728856777e-06
6.494648070136984e-06
6.591259989363607e-06
6.669168669759529e-06
6.45987152633357e-06
6.3435288991188695e-06
6.098027759955065e-06
5.752357797713817e-06
5.49825309852687e-06
5.4527886926994796e-06
5.3827633174868036e-06
5.39508950428821e-06
5.374419288273202e-06
5.35658253803766e-06
5.255749653900109e-06
5.161542763484509e-06
5.038763252481918e-06
4.9183128924466605e-06
4.899593997314307e-06
4.851464836974628e-06
4.832354209481439e-06
4.8736856115283445e-06
5.019753448972811e-06
4.925689544117111e-06
4.927979456884454e-06
4.868860027532459e-06
4.9576997948211754e-06
4.9484823908382424e-06
5.036844998228064e-06
4.9546109559222325e-06
4.8979313110716504e-06
4.83308459869087e-06
4.805142517787837e-06
4.590957165159385e-06
4.5144664519674345e-06
4.365690009373273e-06
4.285960520584402e-06
4.335844291095522e-06
4.317147938438991e-06
4.436054691073618e-06
4.511866596398509e-06
4.5133168506643936e-06
4.564984919852577e-06
4.615248924112945e-06
4.622838722363147e-06
4.632499894796638e-06
4.468372221059066e-06
4.360185909847912e-06
4.274107758257222e-06
4.095069276185573e-06
3.923478094033531e-06
3.8008161027391907e-06
3.6656594732318936e-06
3.580971224437235e-06
3.5232324730064387e-06
3.4482574327349928e-06
3.425850601550857e-06
3.414805567964712e-06
3.392950280353294e-06
3.4428063112760095e-06
3.412542387845211e-06
3.431145484812857e-06
3.4895133142396972e-06
3.528443228008525e-06
3.544426005776456e-06
3.582008503144607e-06
3.5611310522654094e-06
3.616384544459704e-06
3.678033473469051e-06
3.68875566891802e-06
3.7733406900640276e-06
3.856199652675839e-06
3.973004270717086e-06
4.093842075495299e-06
4.239285057597694e-06
4.2852904395355535e-06
4.384338626550743e-06
4.445213221515587e-06
