max:2010
min:1910
1.1296631612367491e-06
1.1365441650923457e-06
1.1391304610697262e-06
1.1142008783541054e-06
1.0767188801505005e-06
1.0389232849255286e-06
1.0212373321597364e-06
1.0094239379603614e-06
9.959904251185695e-07
9.950461422444538e-07
9.984712830503537e-07
1.0080468249335745e-06
1.0735526286355577e-06
1.0343892183430268e-06
1.0030068762846765e-06
9.560377520756447e-07
9.084836522431163e-07
8.825387486207806e-07
8.511409776344538e-07
7.810575409296559e-07
7.806298997690777e-07
7.637003217756241e-07
7.693799862603814e-07
7.540520609187038e-07
7.396492297370319e-07
7.280696487604083e-07
7.102010499693279e-07
6.889939478631797e-07
6.827687246056615e-07
6.79012267872687e-07
6.737449536688343e-07
6.696925700972705e-07
6.501501356329495e-07
6.246136682161055e-07
6.140315593126746e-07
6.122002105257707e-07
5.988076655480004e-07
5.86999963811e-07
5.732605034479223e-07
5.749272012118516e-07
5.926676099729125e-07
6.097922827003848e-07
6.293411891939675e-07
6.38764764257108e-07
6.359396788216795e-07
6.267569655652291e-07
6.268961832185076e-07
5.991753693836342e-07
5.659704689670824e-07
5.211514633174374e-07
4.747223800092927e-07
4.477264090902671e-07
4.237476137599775e-07
4.0531212367308657e-07
3.963459919629843e-07
3.8469925454722086e-07
3.7633334467760247e-07
3.717446393888427e-07
3.6704054602003975e-07
3.6418794024939416e-07
3.606566240575505e-07
3.537107115140056e-07
3.4384555241168915e-07
3.2664480288856013e-07
3.1563667286198846e-07
3.027242233396724e-07
2.914678093800051e-07
2.7796135425108203e-07
2.6181268708569405e-07
2.594438756529728e-07
2.5833453573146213e-07
2.4911552795206913e-07
2.448547746780605e-07
2.4278442570643423e-07
2.434055456238379e-07
2.451366388608481e-07
2.4336850401596166e-07
2.3916544478197466e-07
2.39508303983322e-07
2.4904290439410814e-07
2.471841205371155e-07
2.379602445249215e-07
2.3268033747366905e-07
2.346386054341565e-07
2.420764774667207e-07
2.458447210886204e-07
2.3435243739251227e-07
2.379390155380991e-07
2.4591115886453606e-07
2.4608266763997175e-07
2.41035290774302e-07
2.385784248255212e-07
2.339047223845877e-07
2.3688872577817426e-07
2.370213333538881e-07
2.3567342160341858e-07
2.40321371945486e-07
2.4356428290112877e-07
2.4194281185903793e-07
2.454760334558159e-07
2.4908293028147455e-07
