max:2010
min:1915
1.07596187604031e-06
1.0259787586619495e-06
1.040628812158199e-06
1.0569664092534886e-06
1.036761545947229e-06
1.0853757105776043e-06
1.1262695482270959e-06
1.246932859950383e-06
1.3425166603805598e-06
1.3474549080326272e-06
1.4136350533330448e-06
1.4519204114549211e-06
1.4814102899306038e-06
1.560679558159401e-06
1.5874993063594696e-06
1.6289751069312582e-06
1.7833275478551514e-06
1.962926311145046e-06
1.97271687544084e-06
2.024326152292945e-06
2.0521078860318605e-06
2.1498942065331254e-06
2.2584400442480856e-06
2.319209004651514e-06
2.3679002651988412e-06
2.4981909518828616e-06
2.584279075433317e-06
2.787608309517964e-06
3.31130477856537e-06
3.9940560522414415e-06
4.830678790312959e-06
6.167109307040976e-06
7.48355838758081e-06
8.771372384736814e-06
9.684077602807e-06
1.045933907205056e-05
1.1254625600746035e-05
1.246305419044802e-05
1.3700009471254557e-05
1.4754803617376768e-05
1.6163832177491194e-05
1.7969174483109134e-05
1.9099017143681912e-05
1.977193356391841e-05
2.009301637631974e-05
1.9433166016824543e-05
1.8897119714113486e-05
1.798081926348719e-05
1.6793075051932e-05
1.584780940382708e-05
1.5022909142966715e-05
1.4050316946980144e-05
1.3404554400559781e-05
1.3143435873124482e-05
1.3020517274396428e-05
1.307978423678183e-05
1.3496765209960618e-05
1.4028681107447483e-05
1.4355201918598531e-05
1.494333394345761e-05
1.533347183015264e-05
1.5782171041272314e-05
1.638351763436471e-05
1.6360296675494673e-05
1.650964635960658e-05
1.6954608456996668e-05
1.6846466678543948e-05
1.6562419789676953e-05
1.6373789808962363e-05
1.57738599487597e-05
1.5329074813053012e-05
1.4596976793005264e-05
1.3877014290691087e-05
1.3307688017708383e-05
1.2957574004498643e-05
1.2333643488610896e-05
1.1965942836208601e-05
1.1944362735708377e-05
1.19251959144354e-05
1.1241857464483473e-05
1.06111063879715e-05
9.934094123309478e-06
9.245191709591641e-06
8.465014096665463e-06
7.624069569698934e-06
6.862939764167615e-06
6.553153720493096e-06
6.358191317953502e-06
6.168126284527327e-06
5.922948535693909e-06
5.706770350246058e-06
5.453093113568944e-06
5.250992152079041e-06
5.156513907422777e-06
5.050747313362081e-06
4.856166242461768e-06
