max:2005
min:1880
2.980399216312435e-07
2.9376011525528154e-07
2.937655665391503e-07
2.8549569362569726e-07
3.009906127512555e-07
3.028750167491775e-07
3.151314526153978e-07
3.0984632205997643e-07
3.1609601234907e-07
3.434784860343955e-07
3.524050872069243e-07
3.7556429788310197e-07
3.640843146968109e-07
3.58082433292241e-07
3.5498864495561324e-07
3.5624008124354335e-07
3.243883302924847e-07
3.319594839013007e-07
2.963751585736775e-07
3.034698344046254e-07
3.014501714915241e-07
2.8889414441632e-07
2.8063126324338684e-07
2.9306747860248704e-07
2.81904994332243e-07
2.955395907682552e-07
2.935194122041399e-07
3.277302787247598e-07
3.6851140196501676e-07
4.177585464861165e-07
4.578060262312127e-07
5.181152776653367e-07
5.448063567265698e-07
5.509284985042282e-07
5.741674036536486e-07
5.95867874153555e-07
6.033212725599566e-07
7.781547058779584e-07
9.903758016857215e-07
1.2169930373927076e-06
1.4183589119706345e-06
1.5586244005914653e-06
1.697292978925751e-06
1.8474176093669875e-06
1.8445935146311449e-06
1.754985191837477e-06
1.6790473052554132e-06
1.657130496823811e-06
1.7135170245247927e-06
1.7251859227534233e-06
1.734940870587057e-06
1.7318927478169956e-06
1.720529212434485e-06
1.6988435618259246e-06
1.6718689396709254e-06
1.5987046871097327e-06
1.5342555376004644e-06
1.4623164718484207e-06
1.3539177611424487e-06
1.3309785344972624e-06
1.2753586945888986e-06
1.1978968927905953e-06
1.1182656294295157e-06
1.0976620663833664e-06
1.111659254807559e-06
1.138895876400576e-06
1.1841592676578979e-06
1.322621049634368e-06
1.4099738336881273e-06
1.5246682291295395e-06
1.5910947662892535e-06
1.6286787903092254e-06
1.6827506539941948e-06
1.708018170834943e-06
1.672429951733128e-06
1.741565370139142e-06
1.789736675813661e-06
1.8684876782312391e-06
1.9551296028501904e-06
2.0709576996783393e-06
2.108208702468671e-06
2.1792655908419486e-06
2.2306969965159496e-06
2.27928087172456e-06
2.2814192886601503e-06
2.3050129454661928e-06
2.2746797705102447e-06
2.2914815482571223e-06
2.2908839777561037e-06
2.2722108172144672e-06
2.2772644245248685e-06
2.3247359552312574e-06
2.2939122378115177e-06
2.2606922941901886e-06
2.254094722177667e-06
2.2098368260360857e-06
2.2270431989974374e-06
2.203555823143688e-06
2.1873885478791114e-06
2.2175942961309502e-06
2.248370719826198e-06
2.2470097909328094e-06
2.2798699969176335e-06
2.293702144535408e-06
2.3188409678758556e-06
2.2979616005613934e-06
2.264082533136908e-06
2.2555014506256806e-06
2.2554377210326493e-06
2.2723956720126026e-06
2.2169615151921917e-06
2.1654376658781464e-06
2.185342217282076e-06
2.1970967866634183e-06
2.21177814247702e-06
2.218203657581138e-06
2.216305639584399e-06
2.27706121742293e-06
2.3665946043495623e-06
2.385350269053431e-06
2.4221822059189435e-06
2.4501170108643625e-06
2.551241582945555e-06
2.598940568532271e-06
2.619675296955393e-06
2.585520746833936e-06
