max:1995
min:1885
6.090796672575394e-09
4.90936270247655e-09
8.815854867875542e-09
7.710490394972704e-09
5.87882383051852e-09
4.473028350493458e-09
4.473028350493458e-09
4.3438869188180564e-09
4.317654515663603e-09
2.6789513068210217e-10
1.1385176531700632e-10
1.0093223875732146e-10
3.8329434071116e-10
4.004245367823194e-10
3.363448309550472e-10
9.370558674242397e-10
9.533337561833705e-10
9.860347092398897e-10
1.524082050048075e-09
1.3019292300988005e-09
1.284799034027641e-09
1.3437282725007167e-09
8.68229917524602e-10
8.519520287654712e-10
8.58495358135869e-10
3.0975025322454997e-10
2.4954097121998586e-10
2.6322934308455256e-10
2.3145302737884573e-10
1.8956171156579516e-10
2.3499609004749647e-10
9.253004830598956e-10
8.991457142329803e-10
9.128067409079423e-10
9.39613563542631e-10
1.3529501903729114e-09
1.2696288246928843e-09
2.255815837697612e-09
1.6895271550846199e-09
3.5680520462813956e-09
3.838355363708754e-09
4.711842646213224e-09
4.357714300518012e-09
1.5613309105917087e-08
1.4869860691974729e-08
1.501693594871004e-08
1.3910976370823391e-08
1.5132177035224814e-08
1.4834409256536674e-08
1.581508758872831e-08
7.241025493495304e-09
1.1289735876321823e-08
1.4645526061737461e-08
1.6662352577055473e-08
2.0433660668268365e-08
2.3127635425826805e-08
2.413218184013236e-08
2.2848806656229825e-08
2.669323974556294e-08
2.9453237436273738e-08
3.2212703234993767e-08
4.55495000447773e-08
4.5734097778701455e-08
5.0082113186736676e-08
5.3421466869199974e-08
4.792601896294205e-08
4.5103487167352796e-08
4.323767731152982e-08
3.713855508838801e-08
3.743955697846754e-08
3.6023464084727104e-08
3.6001833133728467e-08
3.7680099802222296e-08
3.93300178456814e-08
4.450334120268248e-08
3.688421174834795e-08
4.085049505014078e-08
5.3026474639799355e-08
7.604052143506124e-08
1.306379207984979e-07
1.843809859077997e-07
2.290242926099901e-07
2.739294444609186e-07
3.1585438721646953e-07
3.413641118348616e-07
3.5713292894407847e-07
3.337825985129582e-07
3.278372925511316e-07
3.7768635609479263e-07
3.80178899409397e-07
3.827342668825752e-07
4.0919432616906957e-07
6.450234926498004e-07
9.96553779941678e-07
1.3568181884693331e-06
1.6332515672599714e-06
2.0612779150854166e-06
2.393930149732374e-06
2.7404276222244206e-06
2.8678655326075386e-06
2.9365533334514893e-06
2.8407733420213584e-06
2.753645990846313e-06
2.5560427729942603e-06
2.4526095460584785e-06
2.2823234888034804e-06
2.0985530682082754e-06
1.8831258980104134e-06
1.826521914457165e-06
1.7821096207626397e-06
1.7328843000541383e-06
