max:2010
min:1905
2.1394290505849511e-10
2.536552579091023e-10
2.2761065486080293e-10
1.9509484702354537e-10
2.0490722412486965e-10
9.900461204827491e-11
1.1227315208480907e-10
1.1227315208480907e-10
5.334391361173323e-11
3.943139366611805e-11
3.943139366611805e-11
1.3268540036534153e-11
1.3268540036534153e-11
1.3661026674961972e-11
1.3661026674961972e-11
1.3661026674961972e-11
9.371100126046424e-11
1.624857649223139e-10
1.624857649223139e-10
2.7844408723165515e-10
2.8662647057396487e-10
2.8662647057396487e-10
2.8662647057396487e-10
2.71512615961684e-10
3.7083875058043144e-10
4.484225629708405e-10
4.3215008754022525e-10
4.552369751006527e-10
5.652753106869365e-10
5.652753106869365e-10
5.003391907137151e-10
3.32238292433118e-10
2.5465448004270893e-10
1.9629295807835741e-10
1.5136266050065827e-10
4.13243249143745e-11
6.75469323331766e-11
9.12445178937103e-11
9.12445178937103e-11
2.176008718451123e-10
2.1196051858130005e-10
2.748963457659721e-10
3.221231991463418e-10
2.959005917275397e-10
4.015548449309847e-10
4.658870273693034e-10
4.968927491688646e-10
5.804977768316835e-10
5.921397063156166e-10
8.485759793254642e-10
9.864136729653694e-10
1.1774341343187951e-09
1.3313087061333257e-09
1.4570021141960661e-09
1.6279097435147249e-09
1.7749171814835612e-09
2.070807224109826e-09
2.4765013531943427e-09
2.3823419110462804e-09
2.2925543527055734e-09
2.1437154432543284e-09
2.0460540404800197e-09
1.9339012692830083e-09
2.388289478881335e-09
2.972881028652706e-09
4.632837867303761e-09
5.382129591209e-09
6.092362035494046e-09
6.591280434152326e-09
6.90831588759774e-09
6.355592940820998e-09
5.372709023708313e-09
3.601080576588954e-09
2.909652106554615e-09
2.3125771456530433e-09
1.8820345758032074e-09
1.7023233457789745e-09
1.54649152214351e-09
1.7954702169475922e-09
2.5619041332802794e-09
3.538767580556014e-09
3.685611102025429e-09
4.245441490421545e-09
4.28223815137788e-09
4.158394929985678e-09
3.998583702242391e-09
3.3052150857518623e-09
2.438824539144743e-09
2.234675333667724e-09
1.5439676521416296e-09
1.4003483293580287e-09
1.2088162018982933e-09
1.051084596343748e-09
1.6885669331033272e-09
1.4692516608112121e-09
1.4126914281233282e-09
1.4855307341386593e-09
1.5962199538334586e-09
1.885683046217882e-09
2.1888639710278467e-09
2.3435850323875027e-09
2.8150074969447913e-09
3.6675280114449394e-09
4.042097434542313e-09
4.499644434829975e-09
5.065475428001065e-09
