max:2010
min:1865
1.2699746037014847e-06
1.2608725228346884e-06
1.251729827345116e-06
1.2375942495574627e-06
1.210934994690303e-06
1.1853903418211433e-06
1.1877563110829215e-06
1.1724897928745901e-06
1.1482181402503296e-06
1.1108498126434694e-06
1.0991655504507695e-06
1.0760099452714452e-06
1.073395148003848e-06
1.0563835693184437e-06
1.040308883862703e-06
1.0416593373260445e-06
1.054813830186114e-06
1.0342406621280783e-06
1.030139588108016e-06
1.0063425455492897e-06
9.907957892859746e-07
9.679615849173778e-07
9.478562625580318e-07
9.319879674356863e-07
9.38372871977273e-07
9.274054215373846e-07
9.213409595888931e-07
8.982184535203228e-07
9.034088504579683e-07
9.010801623584744e-07
8.949064392384441e-07
8.832509722976413e-07
8.806861972386417e-07
8.771408894452699e-07
8.92007368033124e-07
8.820410926091427e-07
8.802953906134852e-07
8.640642314665976e-07
8.546357759899235e-07
8.44466269102538e-07
8.329429225081444e-07
8.123282262723868e-07
8.018619074131753e-07
7.723339113649022e-07
7.690049415032263e-07
7.512906319919109e-07
7.320905329574348e-07
7.015705624066218e-07
6.833665224803553e-07
6.616332452072779e-07
6.434626535727668e-07
6.195048984279441e-07
6.025469068455485e-07
5.923969946966931e-07
5.963897495218719e-07
5.944775937548132e-07
5.977678451277566e-07
6.078972774048452e-07
6.175811466034377e-07
6.231038095653016e-07
6.230029043763352e-07
6.178654773845795e-07
6.153778956883928e-07
6.084678797638585e-07
5.97586603946963e-07
5.781127876096954e-07
5.645098488977445e-07
5.593521937693627e-07
5.521879172322639e-07
5.383262435186355e-07
5.219685712225848e-07
5.034825107941288e-07
4.894450650486501e-07
4.677641365040992e-07
4.4924589458007957e-07
4.2422481426131397e-07
4.0388643388463865e-07
3.9003623442113167e-07
3.8808246927146683e-07
3.8737191029472993e-07
3.897489965051396e-07
3.8222670793532287e-07
3.8577231618676577e-07
3.8271867960507476e-07
3.8095238405081287e-07
3.700897406945712e-07
3.61214554394402e-07
3.5145136832527767e-07
3.4508845406630175e-07
3.3957856463270477e-07
3.36580906637859e-07
3.343694418487887e-07
3.2916968604825213e-07
3.286040859100987e-07
3.2805363048282743e-07
3.326873110966387e-07
3.249376772730882e-07
3.2790576044914944e-07
3.2616193428631437e-07
3.32521425759426e-07
3.375286569605253e-07
3.4260046228545047e-07
3.391892399966829e-07
3.403838044440428e-07
3.290354218929029e-07
3.1886361284705345e-07
3.037729641164333e-07
2.8167288844217963e-07
2.6166096997063247e-07
2.446106930977164e-07
2.284620908962357e-07
2.1752074376633702e-07
2.0939035039191367e-07
2.033952110228451e-07
1.9933470493275047e-07
1.9605729002185918e-07
1.9607130598485257e-07
1.9500696777998071e-07
1.955543739638545e-07
1.9520062112730686e-07
1.944452350244319e-07
1.9439325577812789e-07
1.9407106931014694e-07
1.8890047418348592e-07
1.8998322559582448e-07
1.8848676981113905e-07
1.8614114846319092e-07
1.8564657823714826e-07
1.8500932493939866e-07
1.8506351295854984e-07
1.8852385811182364e-07
1.8999737148663242e-07
1.9537741837081869e-07
1.9989183743161577e-07
2.0169800661408643e-07
2.068449893905771e-07
2.1447530278757248e-07
2.1933986715794163e-07
2.2906858378389317e-07
2.3811858795852459e-07
2.5732986078505095e-07
2.7801141503199946e-07
2.906920428813464e-07
2.9888926178500697e-07
3.1100079809220917e-07
3.2110460779222194e-07
