max:2020
min:1915
1.8197109952211576e-07
1.7777582570488448e-07
1.7714869689674137e-07
1.7620186554268003e-07
1.7217468999725887e-07
1.6862558384543392e-07
1.6501546643407243e-07
1.5982491926739124e-07
1.599795699088905e-07
1.5893155185559798e-07
1.582207472340867e-07
1.6266914672412115e-07
1.6513113264084366e-07
1.6764424312246513e-07
1.667889547109423e-07
1.6386501044962642e-07
1.654213406254712e-07
1.663373520191921e-07
1.6200888605258763e-07
1.6434573524293228e-07
1.5998521567845663e-07
1.6079258711800192e-07
1.6697735816251225e-07
1.6610307186835727e-07
1.691452138987058e-07
1.8313114326571978e-07
1.8980706784077483e-07
1.9476994087394166e-07
1.987606716673846e-07
2.0040453258778663e-07
2.0147545041839165e-07
1.9945134559813077e-07
1.8998095388919216e-07
1.84825755208554e-07
1.8753245610371649e-07
1.902435786048175e-07
1.9002057578226023e-07
1.9020966744522282e-07
1.9187850292772574e-07
1.8947997456767292e-07
1.8816598209728648e-07
1.8453198232951502e-07
1.7838215171650518e-07
1.7399313126783715e-07
1.7245429262402467e-07
1.6684367462208423e-07
1.6361617635344112e-07
1.5884908423556355e-07
1.5386339466009043e-07
1.5194423497177922e-07
1.501475139775721e-07
1.4650909666410632e-07
1.465900416925641e-07
1.4653932924245184e-07
1.4682508922955355e-07
1.4720107799348625e-07
1.46688951271504e-07
1.4561253384012422e-07
1.45944373538701e-07
1.4461504349583265e-07
1.4308197039879035e-07
1.4364473039612286e-07
1.4549695492860337e-07
1.4668028468024984e-07
1.4907574349568416e-07
1.5122406133676642e-07
1.5439167709376177e-07
1.5818152933531694e-07
1.6210722516721683e-07
1.6906335531530203e-07
1.751731986132654e-07
1.8311319089597028e-07
1.8870635796832046e-07
1.9335637700481e-07
2.012875321660041e-07
2.0774563072986245e-07
2.102428128734703e-07
2.15029757555385e-07
2.1701690197265373e-07
2.268207960501708e-07
2.3599383780492644e-07
2.455536442117331e-07
2.58738345288683e-07
2.7090112756208586e-07
2.812421066827093e-07
2.9596585347592607e-07
3.066025848446381e-07
3.202682827512555e-07
3.2790948775332905e-07
3.3595131299080094e-07
3.4912546149306376e-07
3.703335299373326e-07
3.935066144679565e-07
4.267989887856467e-07
4.4676651051694147e-07
4.7080240506147675e-07
4.996629781674398e-07
5.214533871367166e-07
5.262914198413325e-07
5.201700657510498e-07
5.016092034436172e-07
4.959682412066156e-07
4.941766273229101e-07
4.785712917509954e-07
4.6044445412007917e-07
