max:2000
min:1945
5.355599852485682e-10
6.707509214720631e-10
5.589591012267192e-10
4.953599564269265e-10
4.953599564269265e-10
2.3757481398822833e-10
2.3757481398822833e-10
2.52485938902401e-10
8.699366960922867e-10
8.699366960922867e-10
8.536845407168338e-10
9.818334607637956e-10
9.578295210548632e-10
1.0370850517646017e-09
1.065166020862231e-09
2.9478584850917144e-10
3.26904769127572e-10
4.045521735067987e-10
2.952543249572821e-10
3.0525424846558225e-10
4.692662508576362e-10
4.262741568458342e-10
4.566373212095647e-10
4.3294993185798754e-10
3.6384891627383453e-10
3.616896117925832e-10
3.359659584264588e-10
1.0097733710697935e-10
2.345535982701501e-10
3.6238742909255883e-10
1.0787948803119602e-09
1.811734158034341e-09
2.909910588778335e-09
4.166557411093365e-09
5.588409814270636e-09
1.0300324418796184e-08
3.3186472554141185e-08
1.3631022348954097e-07
2.1152612981824503e-07
2.3994490546844614e-07
2.542411143835466e-07
2.6443383102251315e-07
2.6813932103258206e-07
2.520977219993321e-07
1.551676156452686e-07
8.447487636382383e-08
5.875589919363782e-08
5.147339088296121e-08
4.571813733938208e-08
3.97616395681715e-08
3.5026365807766524e-08
3.098896301472516e-08
2.9141838910261087e-08
2.9548367604566767e-08
2.3867624676654485e-08
1.956624062771084e-08
