max:2000
min:1860
8.291968889295731e-09
8.68969038947398e-09
1.1141687572546743e-08
1.0552513339336298e-08
1.2700185094059537e-08
1.3464323433964864e-08
1.3926841204080022e-08
1.3434081973835127e-08
1.3444214059481802e-08
1.2001240318986511e-08
1.2561493940259944e-08
1.5065750551863337e-08
1.7919303628234828e-08
1.7759539489808114e-08
2.1045315077929316e-08
2.1451935466083276e-08
2.1545076199304602e-08
2.1764862420273597e-08
1.9076775968431192e-08
1.7210050781305393e-08
1.8812944218333475e-08
1.6220949535953163e-08
1.5988431784868292e-08
1.5247951092232726e-08
1.6669061178983417e-08
1.5986525753979615e-08
1.5703508208072695e-08
1.3850435972731897e-08
1.4187863074864384e-08
1.4968867922959816e-08
1.4854391494623087e-08
1.22908723833502e-08
1.1873461642457933e-08
1.2054878428813254e-08
1.19987633162566e-08
1.093449388177094e-08
9.624665191816056e-09
1.067841618304247e-08
1.220287007949342e-08
1.2020740339632345e-08
1.0376990758739372e-08
1.0652834995080899e-08
1.0645124083806325e-08
1.1481574231047326e-08
1.0763915029140695e-08
9.69710895708837e-09
1.004175517341618e-08
1.1129226809966245e-08
1.1367616435466386e-08
1.133735036010616e-08
1.1263858417415967e-08
1.103349652912097e-08
1.2501433666045614e-08
1.4897980880691973e-08
1.6355924614686046e-08
1.897791460489121e-08
2.1455831143514714e-08
2.2627304220788702e-08
2.5726100361112003e-08
2.816081184115709e-08
2.8163742322411574e-08
2.9198574225119955e-08
3.020889037332251e-08
2.9204566130504517e-08
2.9345290388148115e-08
3.029364873238397e-08
2.9396436776859706e-08
2.8583102868700346e-08
3.0021512894709956e-08
3.088023170505494e-08
3.4642452715973245e-08
3.9732863602434266e-08
3.966683032834746e-08
4.237476401515648e-08
4.761332712226769e-08
4.6070642158367395e-08
4.6613126311204467e-08
4.788554847883526e-08
4.753548894192201e-08
5.03511018276218e-08
5.045255159684205e-08
5.229760878324084e-08
5.552092220893558e-08
5.521558321675002e-08
5.4022902722700953e-08
5.4904958801671455e-08
5.783558165717295e-08
5.9830640505457e-08
6.077634852528848e-08
6.603553970307985e-08
7.091447074003554e-08
7.620801767416197e-08
7.960418559248086e-08
7.981921815566498e-08
8.053564317021613e-08
7.870950266156537e-08
7.751316794773239e-08
7.476605544200408e-08
7.152417680345025e-08
6.781071754906926e-08
6.569808925454318e-08
6.585510092804725e-08
6.903735589552135e-08
6.856617775140097e-08
7.123653235550722e-08
7.274414569126617e-08
7.401770472727418e-08
8.303127633066002e-08
8.278868181475576e-08
7.81201637981407e-08
7.650436728567911e-08
8.003162830862363e-08
7.956812808629365e-08
7.924117387655574e-08
7.268252234991581e-08
7.295652183967962e-08
7.76832069147661e-08
8.036307974634838e-08
7.881159851714464e-08
7.943587730453925e-08
8.296272113739178e-08
8.396976320617406e-08
8.714220760858942e-08
8.707777863849384e-08
9.200214736080983e-08
9.167233270902995e-08
9.457190738463136e-08
9.6834861145518e-08
1.0008192065567658e-07
1.0097307726450058e-07
1.0362015245846123e-07
1.043829200852997e-07
1.0966091476153192e-07
1.1495701711185444e-07
1.2645064576385527e-07
1.3698919636746204e-07
1.5067192090815036e-07
1.7259261905370034e-07
1.808641272305067e-07
1.9157993449425704e-07
2.0657084576214402e-07
