max:2020
min:1865
0.0
0.0
0.0
0.0
0.0
0.0
0.0
0.0
0.0
0.0
0.0
0.0
0.0
0.0
0.0
0.0
0.0
0.0
0.0
0.0
0.0
0.0
0.0
0.0
0.0
0.0
0.0
0.0
0.0
0.0
0.0
0.0
0.0
0.0
0.0
0.0
0.0
0.0
0.0
0.0
0.0
0.0
0.0
0.0
0.0
0.0
0.0
0.0
0.0
0.0
4.543437848170129e-11
4.543437848170129e-11
4.543437848170129e-11
8.641746048912832e-11
9.991585931639385e-11
3.6420958907498347e-10
8.711927429461142e-10
8.945331281262625e-10
1.1044388241256341e-09
1.1740138206833046e-09
1.1985609707102336e-09
1.2068240593362693e-09
1.0288915334801173e-09
5.219083796089866e-10
5.011624428944269e-10
4.981469026959268e-10
4.784148295776194e-10
4.578148951209623e-10
5.020764121914973e-10
4.5839678878120283e-10
5.850833785712797e-10
5.370545516239897e-10
3.301643958231182e-10
3.423079597553169e-10
3.6836161105518224e-10
3.268585283385964e-10
3.103995552652553e-10
1.8371296547517853e-10
1.8371296547517853e-10
2.378656874643273e-10
2.2940515756860894e-10
1.7415516548721247e-10
1.8111981260020878e-10
3.174187569533947e-10
3.82094676335384e-10
4.1426076755454334e-10
3.7584425254572855e-10
3.521405448982305e-10
4.109843447706675e-10
4.485141256409848e-10
2.859925738689968e-10
3.1102089851988065e-10
3.273451975752525e-10
4.1350896318181896e-10
5.556550894006815e-10
5.717258214473933e-10
5.776556177838899e-10
6.455970956244426e-10
6.972758838573258e-10
7.34398288214168e-10
7.499378181944191e-10
6.449382139450677e-10
5.62707603727183e-10
5.130580514005928e-10
5.220340697418915e-10
3.9734280449232884e-10
3.7138026681704517e-10
3.4500879038588753e-10
2.7804001858803117e-10
3.6266967801917056e-10
4.221966704814102e-10
3.835000848630342e-10
3.897165685400645e-10
3.766369240297353e-10
2.9329933719830185e-10
3.156631424504143e-10
3.097061853006368e-10
2.460307176242539e-10
2.2188902699354125e-10
2.2694824194527793e-10
1.803776294995174e-10
1.9892836187830809e-10
2.0837624086540123e-10
1.6744550190850305e-10
1.652888163640652e-10
1.8288620617923357e-10
1.9244005198894498e-10
2.1666497960838782e-10
1.9038380792503673e-10
1.8953254442090539e-10
1.8596130587792255e-10
2.3299664182146225e-10
2.2322726603693103e-10
2.1320891679150426e-10
2.044720048039699e-10
2.2919573580296567e-10
2.0306562631807904e-10
2.4231317200767196e-10
2.008633522406925e-10
2.2703918754950004e-10
2.658035661613172e-10
2.944205796820817e-10
3.0035059013301865e-10
3.257092413238334e-10
2.7544831891569896e-10
2.820531982575655e-10
2.648364285809787e-10
2.0871921750455413e-10
1.798863320206274e-10
1.541719980846512e-10
1.6531021541722956e-10
1.4563331840070478e-10
1.3352907148045379e-10
1.1702206634267577e-10
1.2851485587522804e-10
