max:1995
min:1870
7.207891922211829e-11
1.1176678471613854e-10
1.8418985781032404e-10
3.065076525921029e-10
6.438235619235907e-10
1.5222349373075365e-09
2.3251806472287686e-09
2.558027864926363e-09
2.9683974167582505e-09
4.4848842893431746e-09
5.588000934990995e-09
5.659995472306889e-09
5.305919465697124e-09
5.419796881131081e-09
6.3767471303322054e-09
7.1974709684293916e-09
7.281814294403586e-09
7.923461030147548e-09
9.75793915510995e-09
1.0975625931917778e-08
1.2657218257621544e-08
1.3561275150461175e-08
1.4278007220980271e-08
1.527345361296284e-08
1.58780050694775e-08
1.6188668056876006e-08
1.6971044379334088e-08
1.671976398601568e-08
1.698987668013225e-08
1.6957765985076937e-08
1.7510122114166345e-08
1.7714306212366993e-08
1.7652990434515103e-08
1.845695989694767e-08
1.9331021355079818e-08
2.0744107384221674e-08
2.1912996877355388e-08
2.4153940815706065e-08
2.5309266555544648e-08
2.81906533672327e-08
3.1387900278900815e-08
3.449579720284289e-08
4.001314860399166e-08
4.485928174956046e-08
4.690447141797449e-08
5.177041728643417e-08
5.480888834849143e-08
5.708271189064362e-08
6.222888058817131e-08
6.457009555609667e-08
6.527835694214446e-08
6.654436037121871e-08
6.618855508122579e-08
6.920921841973332e-08
7.19592289247625e-08
7.612384881180592e-08
8.768597581365611e-08
9.809415705116667e-08
1.1113388000337312e-07
1.1806346528991136e-07
1.1905375174592336e-07
1.2088712760974625e-07
1.2016410469836307e-07
1.1239373317753884e-07
1.1317618283815786e-07
1.0605329135517292e-07
1.0860099308729332e-07
1.1759974581439434e-07
1.230194897061665e-07
1.2615621411019413e-07
1.2713266731420196e-07
1.2436153237363863e-07
1.2355267285459247e-07
1.2121352658108924e-07
1.2117607082830416e-07
1.2010843570513835e-07
1.1804055231680519e-07
1.1427777885890983e-07
1.1031237992905777e-07
1.1071897278368072e-07
1.1237384610142596e-07
1.091227375127346e-07
1.0801370819990552e-07
1.0751035059034361e-07
1.0983160641282147e-07
1.1233066032900751e-07
1.1228744207463543e-07
1.1042555010070438e-07
1.0659548215536623e-07
1.0368405562693234e-07
1.0217165221807331e-07
1.0165215006249387e-07
9.813435042360652e-08
9.889906899778517e-08
9.994383378040896e-08
1.0134386384054648e-07
1.0248808227483356e-07
1.0095976778399875e-07
9.92064142581382e-08
1.0099839288711467e-07
9.981264322992242e-08
9.669447414190862e-08
9.461767547236377e-08
9.660530407375387e-08
1.004625056160486e-07
1.05192318601764e-07
1.1377652750102893e-07
1.2125207047932106e-07
1.273069888238102e-07
1.3460345676159185e-07
1.3704218559951187e-07
1.4028793771103665e-07
1.435213801771949e-07
1.4318584971663638e-07
1.4487043488640795e-07
1.5061504500733592e-07
1.5512968941168636e-07
1.637116712670052e-07
1.7421055734497974e-07
1.8220657287721614e-07
1.9366180481483752e-07
2.066992611357169e-07
2.1774533617450027e-07
2.24310030697931e-07
2.30158187264351e-07
2.3512167146577667e-07
