max:1995
min:1885
4.730892214865889e-06
4.745719070342602e-06
4.8274604675195105e-06
4.8798613404090115e-06
4.802131180830267e-06
5.081147069826589e-06
5.10290140352611e-06
5.1906723846124284e-06
5.23130535969228e-06
5.369095236216838e-06
5.488852301433715e-06
5.614947050552084e-06
5.5991180748346125e-06
5.701720575806186e-06
5.76024214231958e-06
5.976968363289156e-06
6.0235959478762065e-06
6.172118446556851e-06
6.189257159608782e-06
6.241429153825655e-06
6.434127953980351e-06
6.4839678088901564e-06
6.6064159390017655e-06
6.627028142247582e-06
6.597435913135996e-06
6.757726493690695e-06
6.891838568533006e-06
6.958165938288273e-06
7.079450110073335e-06
6.976875608545795e-06
7.017171031163473e-06
6.776741429348476e-06
6.5051076489908155e-06
6.199647941684816e-06
5.856464797813844e-06
5.662400521292252e-06
5.435203222857256e-06
5.1636881315581765e-06
5.151917581055646e-06
5.14216091167847e-06
5.188653566230121e-06
5.231168740595292e-06
5.130807949171867e-06
5.17960220999417e-06
5.247418487540147e-06
5.311482644693959e-06
5.437896821344371e-06
5.4550352095767655e-06
5.462045789629753e-06
5.526012435958754e-06
5.579710042573944e-06
5.658314226561093e-06
5.6741904310391485e-06
5.669058996967838e-06
5.786162871247923e-06
5.873738960612432e-06
5.960265298199374e-06
5.931140874184036e-06
5.872449232161411e-06
5.865199455001857e-06
5.985903044347651e-06
6.071476621270579e-06
6.260000775780229e-06
6.434881015593419e-06
6.797807795270014e-06
7.130258706768343e-06
7.4747866035197926e-06
7.558124967285299e-06
7.821328251468782e-06
7.913795863195056e-06
8.01241562190366e-06
8.035693359228649e-06
8.012718873422792e-06
7.944112569800512e-06
8.014886199297117e-06
7.938765260665345e-06
7.897921412742498e-06
7.769999293876545e-06
7.640872224458559e-06
7.478973072595961e-06
7.3489985490076445e-06
7.144760210004668e-06
6.804297429750607e-06
6.586691272657065e-06
6.32127038053503e-06
6.07929652168033e-06
6.116494010452048e-06
6.078126846529942e-06
6.07812405308193e-06
6.135204070493014e-06
6.093158130430051e-06
6.147156000224641e-06
6.2090632257292914e-06
6.127283151207459e-06
6.103659026328907e-06
6.122698128560192e-06
6.11349618598719e-06
6.2005420399405665e-06
6.218582192169768e-06
6.210852331735493e-06
6.124809650438172e-06
6.077321034224172e-06
5.9945364877681385e-06
5.879875126473573e-06
5.725094979425194e-06
5.5241351739303875e-06
5.256716316840279e-06
5.054284104387209e-06
4.9193679387826705e-06
4.785673445439897e-06
4.699966552834667e-06
