max:1995
min:1925
0.00019852245168294758
0.00019653532071970404
0.00019448935442293683
0.00019242611597292125
0.00018983186081251397
0.00018518752975588932
0.0001835686167136633
0.00018183109101041088
0.00018084866626720344
0.00018239442059504135
0.00018639876881414757
0.0001999031041382945
0.00022743106819689274
0.0002635653633790623
0.0003433060254402725
0.00043771403683682105
0.0005270326572437105
0.0005988273437001876
0.0006334497219151152
0.0006404366369159627
0.0006271574987165098
0.0005616827152802476
0.000482312569926892
0.0004044364406062024
0.000337520832545124
0.00029531230601216
0.0002660292125905731
0.00024498667543022227
0.00023147861273693188
0.00021469828165468892
0.00019897032221446613
0.00018791166491739984
0.0001803445110064266
0.00017461401460293149
0.0001701308210613206
0.00016585808979081257
0.0001647211590482454
0.00016635563224554062
0.00016891837419409837
0.0001707329709980903
0.00017341136325350299
0.00017597836267668754
0.00017864371433721056
0.0001803287907802899
0.0001782567414920777
0.00017286044437371726
0.00016547433291894516
0.00015648724677573358
0.00014723643939110583
0.0001373609369953296
0.00012843419764457003
0.00012156318760909406
0.00011679672752507031
0.00011463679298425891
0.00011401906730108229
0.00011407518884100552
0.000115714586822183
0.00011725385307467409
0.00011851040159984092
0.00011964546450014626
0.00012093242548871785
0.00012119588687450491
0.00012212880600210546
0.00012428585198774402
0.0001244134473381564
0.00012406091160041148
0.00012391343417610706
0.00012349372887651304
0.0001239480601119188
0.00012368826719466597
0.0001204437721753493
