max:2010
min:1925
4.0814997215310456e-11
3.2651997772248363e-11
2.7209998143540304e-11
2.3322855551605973e-11
2.3322855551605973e-11
0.0
0.0
0.0
0.0
0.0
0.0
0.0
0.0
0.0
0.0
0.0
0.0
0.0
2.0402285020156998e-11
2.0402285020156998e-11
2.0402285020156998e-11
6.760415441739046e-11
6.760415441739046e-11
8.385630979284337e-11
1.1619426948383804e-10
1.1187503007326072e-10
1.433474440339287e-10
1.5825856894810134e-10
1.1105669955086789e-10
1.8007104934143163e-10
1.7760266372647748e-10
1.7089448804487517e-10
1.6693404000392827e-10
2.1471715675299866e-10
2.750421983420205e-10
4.160509585658469e-10
1.5140240043818943e-09
9.342628306898058e-09
1.0928765116094815e-08
1.1130674516999863e-08
1.1219189704243199e-08
1.1713188101986865e-08
1.3011636530129472e-08
1.2266225685968785e-08
4.740054000101119e-09
3.6958074695852314e-09
4.376529329417979e-09
5.2436226154790285e-09
6.583742884203048e-09
5.849896186508172e-09
6.037492854866449e-09
8.970053715679732e-09
1.2457293736239145e-08
1.5947939096301004e-08
1.5554701526809822e-08
1.4055349772945647e-08
1.3937600660897585e-08
1.3772495937353873e-08
1.0995372548957708e-08
7.451018722650003e-09
6.954243276473855e-09
7.304731042268031e-09
8.43441342165566e-09
8.149888161160642e-09
7.83874570015846e-09
7.500133609410803e-09
7.108544832133492e-09
3.274427146093828e-09
2.3865439902071017e-09
8.654347833607951e-10
5.986031828949681e-10
5.016906572714269e-10
3.960329326384888e-10
3.1021900921095787e-10
2.86688954322299e-10
2.862975769156252e-10
9.53625547576006e-10
1.009186694529112e-09
1.0960479349516765e-09
1.1504051084758921e-09
1.1931356537685035e-09
1.4120881131063356e-09
1.5739142053153694e-09
1.0360116468414542e-09
1.1143220457476843e-09
1.1778717445842801e-09
