max:1990
min:1935
8.020134600883466e-06
7.711510806984734e-06
7.51585707803315e-06
7.272468402723982e-06
6.902108192921982e-06
6.522706046650585e-06
6.091101957801064e-06
5.873042027815245e-06
5.815626991534373e-06
5.757326172377881e-06
5.821909391150777e-06
5.868457914662681e-06
6.187439664375104e-06
6.319741779796979e-06
6.541319505361441e-06
6.5045387600548565e-06
6.42797158434405e-06
6.345966539811343e-06
6.282172632511772e-06
5.93775946202056e-06
5.835331908851263e-06
5.537170571707455e-06
5.433808837551624e-06
5.3936306098226595e-06
5.360300097631157e-06
5.402237288113351e-06
5.546901905160796e-06
5.6611868655766425e-06
6.1552476446585e-06
6.363271105718533e-06
6.561314941271641e-06
6.700435798328337e-06
6.661205978681599e-06
6.474910540938643e-06
6.19174274366482e-06
5.456832760890913e-06
5.026052804169012e-06
4.532450767718339e-06
4.0796795539271054e-06
3.70293219020823e-06
3.4019543753467067e-06
3.1823508054783034e-06
2.9920005155353076e-06
2.8449536720082894e-06
2.7123817939614777e-06
2.5856258097129673e-06
2.5333853110558787e-06
2.4621185730211437e-06
2.4082125297094796e-06
2.3778475874028767e-06
2.3237010152245474e-06
2.343876888387188e-06
2.320318669392561e-06
2.2810515171537795e-06
2.2837435608380475e-06
2.280592866554798e-06
