max:2010
min:1870
8.207857171704802e-09
7.304770077709577e-09
6.1350853980401965e-09
5.3756708885886545e-09
4.779191609920781e-09
3.845384451338165e-09
4.549868033919071e-09
3.209926289057411e-09
3.879854370320806e-09
4.2229546209122355e-09
4.500568552755015e-09
4.418817343778057e-09
4.551631230650546e-09
3.416242114592397e-09
3.6769435432911936e-09
2.8278059576487227e-09
3.1886466483095025e-09
3.2085159925746407e-09
4.0269793848730325e-09
5.064986366828553e-09
6.160318763040859e-09
9.902958992518457e-09
1.0363656631286387e-08
1.035673746763166e-08
1.6856952722577034e-08
1.6633195329010927e-08
1.6420562370151563e-08
1.5969994977232157e-08
1.2122205303047703e-08
1.2151068056504805e-08
1.2334695392064127e-08
5.728430967672742e-09
6.023349343107855e-09
5.493381019913304e-09
4.923733230656678e-09
5.165760739801937e-09
4.638220759848163e-09
4.3026268579739374e-09
4.584318036293666e-09
4.481518362758103e-09
4.26956029261508e-09
4.5022237366814414e-09
4.432590548576952e-09
5.166038898250593e-09
4.843128786902184e-09
5.049913344633085e-09
4.097951327481602e-09
4.0914674981351595e-09
3.7788258078208514e-09
3.4280949349049396e-09
2.5699601018709065e-09
2.8409838450014847e-09
2.4546197614177298e-09
2.672402806983395e-09
2.50802781717344e-09
2.5827505531087323e-09
2.874938414316424e-09
3.848982434360794e-09
3.748242065932621e-09
4.526102508657053e-09
5.4374883008888125e-09
5.884388722319857e-09
6.084381887205836e-09
6.415315390029264e-09
5.749951340458129e-09
7.249914161075058e-09
6.773354417027073e-09
6.099612212143565e-09
5.960708656819033e-09
6.340494510378594e-09
6.4481647640438464e-09
7.360378592328029e-09
6.3237252260047885e-09
6.68451890665064e-09
8.943243415667927e-09
9.357549972983342e-09
1.0024945318320988e-08
9.911169155226877e-09
9.39386213261173e-09
9.619579291860906e-09
1.0002030568857987e-08
9.603176539688515e-09
9.565374714526342e-09
1.079824274441421e-08
1.1393186330873765e-08
1.1721503450396703e-08
1.1932429330333401e-08
1.1968327471935579e-08
1.1561524499675052e-08
1.2035381707115839e-08
1.0392443223443998e-08
1.0530831825609051e-08
1.3506236510149198e-08
1.4856848830545135e-08
1.5164495056499812e-08
1.542384873788803e-08
1.5481919873090126e-08
1.5898838309372617e-08
1.5975353738286102e-08
1.4053584074247283e-08
1.3588324751115773e-08
1.368725336245039e-08
1.3273189404726184e-08
1.4067616405100125e-08
1.457344708403038e-08
1.5041854745894464e-08
1.4795883375638498e-08
1.366076318731757e-08
1.2775003658102183e-08
1.2293048864567676e-08
1.1734012872466337e-08
1.1315036146137508e-08
1.1479534656189117e-08
1.1267967892081288e-08
1.2271970868076615e-08
1.3951215547893168e-08
1.4124744041055237e-08
1.3724343312609172e-08
1.512537612618254e-08
1.4694566071885414e-08
1.5144488964478697e-08
1.6597756185327787e-08
1.573903610615649e-08
1.6062684896464167e-08
1.7330734434852146e-08
1.7863950826527538e-08
1.8712667098392492e-08
1.8238165390625583e-08
1.9643115705442986e-08
2.0484419113334492e-08
2.1264957033346425e-08
2.0866063670561223e-08
1.8509777329914608e-08
1.8310229015534267e-08
2.0649268453861883e-08
1.8083438746430147e-08
1.834332584240071e-08
2.399456557254455e-08
2.5325610645647128e-08
2.855683476354898e-08
3.1137539657777324e-08
